Dex_Number,Name,Form,Types,Species,Height,Weight,Total,HP,Attack,Defense,Sp_Atk,Sp_Def,Speed
0001,Bulbasaur,,"['Grass', 'Poison']",Seed Pokémon,0.7 m (2′04″),6.9 kg (15.2 lbs),318,45,49,49,65,65,45
0002,Ivysaur,,"['Grass', 'Poison']",Seed Pokémon,1.0 m (3′03″),13.0 kg (28.7 lbs),405,60,62,63,80,80,60
0003,Venusaur,,"['Grass', 'Poison']",Seed Pokémon,2.0 m (6′07″),100.0 kg (220.5 lbs),525,80,82,83,100,100,80
0003,Venusaur,Mega Venusaur,"['Grass', 'Poison']",Seed Pokémon,2.0 m (6′07″),100.0 kg (220.5 lbs),625,80,100,123,122,120,80
0004,Charmander,,['Fire'],Lizard Pokémon,0.6 m (2′00″),8.5 kg (18.7 lbs),309,39,52,43,60,50,65
0005,Charmeleon,,['Fire'],Flame Pokémon,1.1 m (3′07″),19.0 kg (41.9 lbs),405,58,64,58,80,65,80
0006,Charizard,,"['Fire', 'Flying']",Flame Pokémon,1.7 m (5′07″),90.5 kg (199.5 lbs),534,78,84,78,109,85,100
0006,Charizard,Mega Charizard X,"['Fire', 'Dragon']",Flame Pokémon,1.7 m (5′07″),90.5 kg (199.5 lbs),634,78,130,111,130,85,100
0006,Charizard,Mega Charizard Y,"['Fire', 'Flying']",Flame Pokémon,1.7 m (5′07″),90.5 kg (199.5 lbs),634,78,104,78,159,115,100
0007,Squirtle,,['Water'],Tiny Turtle Pokémon,0.5 m (1′08″),9.0 kg (19.8 lbs),314,44,48,65,50,64,43
0008,Wartortle,,['Water'],Turtle Pokémon,1.0 m (3′03″),22.5 kg (49.6 lbs),405,59,63,80,65,80,58
0009,Blastoise,,['Water'],Shellfish Pokémon,1.6 m (5′03″),85.5 kg (188.5 lbs),530,79,83,100,85,105,78
0009,Blastoise,Mega Blastoise,['Water'],Shellfish Pokémon,1.6 m (5′03″),85.5 kg (188.5 lbs),630,79,103,120,135,115,78
0010,Caterpie,,['Bug'],Worm Pokémon,0.3 m (1′00″),2.9 kg (6.4 lbs),195,45,30,35,20,20,45
0011,Metapod,,['Bug'],Cocoon Pokémon,0.7 m (2′04″),9.9 kg (21.8 lbs),205,50,20,55,25,25,30
0012,Butterfree,,"['Bug', 'Flying']",Butterfly Pokémon,1.1 m (3′07″),32.0 kg (70.5 lbs),395,60,45,50,90,80,70
0013,Weedle,,"['Bug', 'Poison']",Hairy Bug Pokémon,0.3 m (1′00″),3.2 kg (7.1 lbs),195,40,35,30,20,20,50
0014,Kakuna,,"['Bug', 'Poison']",Cocoon Pokémon,0.6 m (2′00″),10.0 kg (22.0 lbs),205,45,25,50,25,25,35
0015,Beedrill,,"['Bug', 'Poison']",Poison Bee Pokémon,1.0 m (3′03″),29.5 kg (65.0 lbs),395,65,90,40,45,80,75
0015,Beedrill,Mega Beedrill,"['Bug', 'Poison']",Poison Bee Pokémon,1.0 m (3′03″),29.5 kg (65.0 lbs),495,65,150,40,15,80,145
0016,Pidgey,,"['Normal', 'Flying']",Tiny Bird Pokémon,0.3 m (1′00″),1.8 kg (4.0 lbs),251,40,45,40,35,35,56
0017,Pidgeotto,,"['Normal', 'Flying']",Bird Pokémon,1.1 m (3′07″),30.0 kg (66.1 lbs),349,63,60,55,50,50,71
0018,Pidgeot,,"['Normal', 'Flying']",Bird Pokémon,1.5 m (4′11″),39.5 kg (87.1 lbs),479,83,80,75,70,70,101
0018,Pidgeot,Mega Pidgeot,"['Normal', 'Flying']",Bird Pokémon,1.5 m (4′11″),39.5 kg (87.1 lbs),579,83,80,80,135,80,121
0019,Rattata,,['Normal'],Mouse Pokémon,0.3 m (1′00″),3.5 kg (7.7 lbs),253,30,56,35,25,35,72
0019,Rattata,Alolan Rattata,"['Dark', 'Normal']",Mouse Pokémon,0.3 m (1′00″),3.5 kg (7.7 lbs),253,30,56,35,25,35,72
0020,Raticate,,['Normal'],Mouse Pokémon,0.7 m (2′04″),18.5 kg (40.8 lbs),413,55,81,60,50,70,97
0020,Raticate,Alolan Raticate,"['Dark', 'Normal']",Mouse Pokémon,0.7 m (2′04″),18.5 kg (40.8 lbs),413,75,71,70,40,80,77
0021,Spearow,,"['Normal', 'Flying']",Tiny Bird Pokémon,0.3 m (1′00″),2.0 kg (4.4 lbs),262,40,60,30,31,31,70
0022,Fearow,,"['Normal', 'Flying']",Beak Pokémon,1.2 m (3′11″),38.0 kg (83.8 lbs),442,65,90,65,61,61,100
0023,Ekans,,['Poison'],Snake Pokémon,2.0 m (6′07″),6.9 kg (15.2 lbs),288,35,60,44,40,54,55
0024,Arbok,,['Poison'],Cobra Pokémon,3.5 m (11′06″),65.0 kg (143.3 lbs),448,60,95,69,65,79,80
0025,Pikachu,,['Electric'],Mouse Pokémon,0.4 m (1′04″),6.0 kg (13.2 lbs),320,35,55,40,50,50,90
0025,Pikachu,Partner Pikachu,['Electric'],Mouse Pokémon,0.4 m (1′04″),6.0 kg (13.2 lbs),430,45,80,50,75,60,120
0026,Raichu,,['Electric'],Mouse Pokémon,0.8 m (2′07″),30.0 kg (66.1 lbs),485,60,90,55,90,80,110
0026,Raichu,Alolan Raichu,"['Electric', 'Psychic']",Mouse Pokémon,0.8 m (2′07″),30.0 kg (66.1 lbs),485,60,85,50,95,85,110
0027,Sandshrew,,['Ground'],Mouse Pokémon,0.6 m (2′00″),12.0 kg (26.5 lbs),300,50,75,85,20,30,40
0027,Sandshrew,Alolan Sandshrew,"['Ice', 'Steel']",Mouse Pokémon,0.6 m (2′00″),12.0 kg (26.5 lbs),300,50,75,90,10,35,40
0028,Sandslash,,['Ground'],Mouse Pokémon,1.0 m (3′03″),29.5 kg (65.0 lbs),450,75,100,110,45,55,65
0028,Sandslash,Alolan Sandslash,"['Ice', 'Steel']",Mouse Pokémon,1.0 m (3′03″),29.5 kg (65.0 lbs),450,75,100,120,25,65,65
0029,Nidoran♀,,['Poison'],Poison Pin Pokémon,0.4 m (1′04″),7.0 kg (15.4 lbs),275,55,47,52,40,40,41
0030,Nidorina,,['Poison'],Poison Pin Pokémon,0.8 m (2′07″),20.0 kg (44.1 lbs),365,70,62,67,55,55,56
0031,Nidoqueen,,"['Poison', 'Ground']",Drill Pokémon,1.3 m (4′03″),60.0 kg (132.3 lbs),505,90,92,87,75,85,76
0032,Nidoran♂,,['Poison'],Poison Pin Pokémon,0.5 m (1′08″),9.0 kg (19.8 lbs),273,46,57,40,40,40,50
0033,Nidorino,,['Poison'],Poison Pin Pokémon,0.9 m (2′11″),19.5 kg (43.0 lbs),365,61,72,57,55,55,65
0034,Nidoking,,"['Poison', 'Ground']",Drill Pokémon,1.4 m (4′07″),62.0 kg (136.7 lbs),505,81,102,77,85,75,85
0035,Clefairy,,['Fairy'],Fairy Pokémon,0.6 m (2′00″),7.5 kg (16.5 lbs),323,70,45,48,60,65,35
0036,Clefable,,['Fairy'],Fairy Pokémon,1.3 m (4′03″),40.0 kg (88.2 lbs),483,95,70,73,95,90,60
0037,Vulpix,,['Fire'],Fox Pokémon,0.6 m (2′00″),9.9 kg (21.8 lbs),299,38,41,40,50,65,65
0037,Vulpix,Alolan Vulpix,['Ice'],Fox Pokémon,0.6 m (2′00″),9.9 kg (21.8 lbs),299,38,41,40,50,65,65
0038,Ninetales,,['Fire'],Fox Pokémon,1.1 m (3′07″),19.9 kg (43.9 lbs),505,73,76,75,81,100,100
0038,Ninetales,Alolan Ninetales,"['Ice', 'Fairy']",Fox Pokémon,1.1 m (3′07″),19.9 kg (43.9 lbs),505,73,67,75,81,100,109
0039,Jigglypuff,,"['Normal', 'Fairy']",Balloon Pokémon,0.5 m (1′08″),5.5 kg (12.1 lbs),270,115,45,20,45,25,20
0040,Wigglytuff,,"['Normal', 'Fairy']",Balloon Pokémon,1.0 m (3′03″),12.0 kg (26.5 lbs),435,140,70,45,85,50,45
0041,Zubat,,"['Poison', 'Flying']",Bat Pokémon,0.8 m (2′07″),7.5 kg (16.5 lbs),245,40,45,35,30,40,55
0042,Golbat,,"['Poison', 'Flying']",Bat Pokémon,1.6 m (5′03″),55.0 kg (121.3 lbs),455,75,80,70,65,75,90
0043,Oddish,,"['Grass', 'Poison']",Weed Pokémon,0.5 m (1′08″),5.4 kg (11.9 lbs),320,45,50,55,75,65,30
0044,Gloom,,"['Grass', 'Poison']",Weed Pokémon,0.8 m (2′07″),8.6 kg (19.0 lbs),395,60,65,70,85,75,40
0045,Vileplume,,"['Grass', 'Poison']",Flower Pokémon,1.2 m (3′11″),18.6 kg (41.0 lbs),490,75,80,85,110,90,50
0046,Paras,,"['Bug', 'Grass']",Mushroom Pokémon,0.3 m (1′00″),5.4 kg (11.9 lbs),285,35,70,55,45,55,25
0047,Parasect,,"['Bug', 'Grass']",Mushroom Pokémon,1.0 m (3′03″),29.5 kg (65.0 lbs),405,60,95,80,60,80,30
0048,Venonat,,"['Bug', 'Poison']",Insect Pokémon,1.0 m (3′03″),30.0 kg (66.1 lbs),305,60,55,50,40,55,45
0049,Venomoth,,"['Bug', 'Poison']",Poison Moth Pokémon,1.5 m (4′11″),12.5 kg (27.6 lbs),450,70,65,60,90,75,90
0050,Diglett,,['Ground'],Mole Pokémon,0.2 m (0′08″),0.8 kg (1.8 lbs),265,10,55,25,35,45,95
0050,Diglett,Alolan Diglett,"['Ground', 'Steel']",Mole Pokémon,0.2 m (0′08″),0.8 kg (1.8 lbs),265,10,55,30,35,45,90
0051,Dugtrio,,['Ground'],Mole Pokémon,0.7 m (2′04″),33.3 kg (73.4 lbs),425,35,100,50,50,70,120
0051,Dugtrio,Alolan Dugtrio,"['Ground', 'Steel']",Mole Pokémon,0.7 m (2′04″),33.3 kg (73.4 lbs),425,35,100,60,50,70,110
0052,Meowth,,['Normal'],Scratch Cat Pokémon,0.4 m (1′04″),4.2 kg (9.3 lbs),290,40,45,35,40,40,90
0052,Meowth,Alolan Meowth,['Dark'],Scratch Cat Pokémon,0.4 m (1′04″),4.2 kg (9.3 lbs),290,40,35,35,50,40,90
0052,Meowth,Galarian Meowth,['Steel'],Scratch Cat Pokémon,0.4 m (1′04″),4.2 kg (9.3 lbs),290,50,65,55,40,40,40
0053,Persian,,['Normal'],Classy Cat Pokémon,1.0 m (3′03″),32.0 kg (70.5 lbs),440,65,70,60,65,65,115
0053,Persian,Alolan Persian,['Dark'],Classy Cat Pokémon,1.0 m (3′03″),32.0 kg (70.5 lbs),440,65,60,60,75,65,115
0054,Psyduck,,['Water'],Duck Pokémon,0.8 m (2′07″),19.6 kg (43.2 lbs),320,50,52,48,65,50,55
0055,Golduck,,['Water'],Duck Pokémon,1.7 m (5′07″),76.6 kg (168.9 lbs),500,80,82,78,95,80,85
0056,Mankey,,['Fighting'],Pig Monkey Pokémon,0.5 m (1′08″),28.0 kg (61.7 lbs),305,40,80,35,35,45,70
0057,Primeape,,['Fighting'],Pig Monkey Pokémon,1.0 m (3′03″),32.0 kg (70.5 lbs),455,65,105,60,60,70,95
0058,Growlithe,,['Fire'],Puppy Pokémon,0.7 m (2′04″),19.0 kg (41.9 lbs),350,55,70,45,70,50,60
0058,Growlithe,Hisuian Growlithe,"['Fire', 'Rock']",Puppy Pokémon,0.7 m (2′04″),19.0 kg (41.9 lbs),350,60,75,45,65,50,55
0059,Arcanine,,['Fire'],Legendary Pokémon,1.9 m (6′03″),155.0 kg (341.7 lbs),555,90,110,80,100,80,95
0059,Arcanine,Hisuian Arcanine,"['Fire', 'Rock']",Legendary Pokémon,1.9 m (6′03″),155.0 kg (341.7 lbs),555,95,115,80,95,80,90
0060,Poliwag,,['Water'],Tadpole Pokémon,0.6 m (2′00″),12.4 kg (27.3 lbs),300,40,50,40,40,40,90
0061,Poliwhirl,,['Water'],Tadpole Pokémon,1.0 m (3′03″),20.0 kg (44.1 lbs),385,65,65,65,50,50,90
0062,Poliwrath,,"['Water', 'Fighting']",Tadpole Pokémon,1.3 m (4′03″),54.0 kg (119.0 lbs),510,90,95,95,70,90,70
0063,Abra,,['Psychic'],Psi Pokémon,0.9 m (2′11″),19.5 kg (43.0 lbs),310,25,20,15,105,55,90
0064,Kadabra,,['Psychic'],Psi Pokémon,1.3 m (4′03″),56.5 kg (124.6 lbs),400,40,35,30,120,70,105
0065,Alakazam,,['Psychic'],Psi Pokémon,1.5 m (4′11″),48.0 kg (105.8 lbs),500,55,50,45,135,95,120
0065,Alakazam,Mega Alakazam,['Psychic'],Psi Pokémon,1.5 m (4′11″),48.0 kg (105.8 lbs),600,55,50,65,175,105,150
0066,Machop,,['Fighting'],Superpower Pokémon,0.8 m (2′07″),19.5 kg (43.0 lbs),305,70,80,50,35,35,35
0067,Machoke,,['Fighting'],Superpower Pokémon,1.5 m (4′11″),70.5 kg (155.4 lbs),405,80,100,70,50,60,45
0068,Machamp,,['Fighting'],Superpower Pokémon,1.6 m (5′03″),130.0 kg (286.6 lbs),505,90,130,80,65,85,55
0069,Bellsprout,,"['Grass', 'Poison']",Flower Pokémon,0.7 m (2′04″),4.0 kg (8.8 lbs),300,50,75,35,70,30,40
0070,Weepinbell,,"['Grass', 'Poison']",Flycatcher Pokémon,1.0 m (3′03″),6.4 kg (14.1 lbs),390,65,90,50,85,45,55
0071,Victreebel,,"['Grass', 'Poison']",Flycatcher Pokémon,1.7 m (5′07″),15.5 kg (34.2 lbs),490,80,105,65,100,70,70
0072,Tentacool,,"['Water', 'Poison']",Jellyfish Pokémon,0.9 m (2′11″),45.5 kg (100.3 lbs),335,40,40,35,50,100,70
0073,Tentacruel,,"['Water', 'Poison']",Jellyfish Pokémon,1.6 m (5′03″),55.0 kg (121.3 lbs),515,80,70,65,80,120,100
0074,Geodude,,"['Rock', 'Ground']",Rock Pokémon,0.4 m (1′04″),20.0 kg (44.1 lbs),300,40,80,100,30,30,20
0074,Geodude,Alolan Geodude,"['Rock', 'Electric']",Rock Pokémon,0.4 m (1′04″),20.0 kg (44.1 lbs),300,40,80,100,30,30,20
0075,Graveler,,"['Rock', 'Ground']",Rock Pokémon,1.0 m (3′03″),105.0 kg (231.5 lbs),390,55,95,115,45,45,35
0075,Graveler,Alolan Graveler,"['Rock', 'Electric']",Rock Pokémon,1.0 m (3′03″),105.0 kg (231.5 lbs),390,55,95,115,45,45,35
0076,Golem,,"['Rock', 'Ground']",Megaton Pokémon,1.4 m (4′07″),300.0 kg (661.4 lbs),495,80,120,130,55,65,45
0076,Golem,Alolan Golem,"['Rock', 'Electric']",Megaton Pokémon,1.4 m (4′07″),300.0 kg (661.4 lbs),495,80,120,130,55,65,45
0077,Ponyta,,['Fire'],Fire Horse Pokémon,1.0 m (3′03″),30.0 kg (66.1 lbs),410,50,85,55,65,65,90
0077,Ponyta,Galarian Ponyta,['Psychic'],Fire Horse Pokémon,1.0 m (3′03″),30.0 kg (66.1 lbs),410,50,85,55,65,65,90
0078,Rapidash,,['Fire'],Fire Horse Pokémon,1.7 m (5′07″),95.0 kg (209.4 lbs),500,65,100,70,80,80,105
0078,Rapidash,Galarian Rapidash,"['Psychic', 'Fairy']",Fire Horse Pokémon,1.7 m (5′07″),95.0 kg (209.4 lbs),500,65,100,70,80,80,105
0079,Slowpoke,,"['Water', 'Psychic']",Dopey Pokémon,1.2 m (3′11″),36.0 kg (79.4 lbs),315,90,65,65,40,40,15
0079,Slowpoke,Galarian Slowpoke,['Psychic'],Dopey Pokémon,1.2 m (3′11″),36.0 kg (79.4 lbs),315,90,65,65,40,40,15
0080,Slowbro,,"['Water', 'Psychic']",Hermit Crab Pokémon,1.6 m (5′03″),78.5 kg (173.1 lbs),490,95,75,110,100,80,30
0080,Slowbro,Mega Slowbro,"['Water', 'Psychic']",Hermit Crab Pokémon,1.6 m (5′03″),78.5 kg (173.1 lbs),590,95,75,180,130,80,30
0080,Slowbro,Galarian Slowbro,"['Poison', 'Psychic']",Hermit Crab Pokémon,1.6 m (5′03″),78.5 kg (173.1 lbs),490,95,100,95,100,70,30
0081,Magnemite,,"['Electric', 'Steel']",Magnet Pokémon,0.3 m (1′00″),6.0 kg (13.2 lbs),325,25,35,70,95,55,45
0082,Magneton,,"['Electric', 'Steel']",Magnet Pokémon,1.0 m (3′03″),60.0 kg (132.3 lbs),465,50,60,95,120,70,70
0083,Farfetch'd,,"['Normal', 'Flying']",Wild Duck Pokémon,0.8 m (2′07″),15.0 kg (33.1 lbs),377,52,90,55,58,62,60
0083,Farfetch'd,Galarian Farfetch'd,['Fighting'],Wild Duck Pokémon,0.8 m (2′07″),15.0 kg (33.1 lbs),377,52,95,55,58,62,55
0084,Doduo,,"['Normal', 'Flying']",Twin Bird Pokémon,1.4 m (4′07″),39.2 kg (86.4 lbs),310,35,85,45,35,35,75
0085,Dodrio,,"['Normal', 'Flying']",Triple Bird Pokémon,1.8 m (5′11″),85.2 kg (187.8 lbs),470,60,110,70,60,60,110
0086,Seel,,['Water'],Sea Lion Pokémon,1.1 m (3′07″),90.0 kg (198.4 lbs),325,65,45,55,45,70,45
0087,Dewgong,,"['Water', 'Ice']",Sea Lion Pokémon,1.7 m (5′07″),120.0 kg (264.6 lbs),475,90,70,80,70,95,70
0088,Grimer,,['Poison'],Sludge Pokémon,0.9 m (2′11″),30.0 kg (66.1 lbs),325,80,80,50,40,50,25
0088,Grimer,Alolan Grimer,"['Poison', 'Dark']",Sludge Pokémon,0.9 m (2′11″),30.0 kg (66.1 lbs),325,80,80,50,40,50,25
0089,Muk,,['Poison'],Sludge Pokémon,1.2 m (3′11″),30.0 kg (66.1 lbs),500,105,105,75,65,100,50
0089,Muk,Alolan Muk,"['Poison', 'Dark']",Sludge Pokémon,1.2 m (3′11″),30.0 kg (66.1 lbs),500,105,105,75,65,100,50
0090,Shellder,,['Water'],Bivalve Pokémon,0.3 m (1′00″),4.0 kg (8.8 lbs),305,30,65,100,45,25,40
0091,Cloyster,,"['Water', 'Ice']",Bivalve Pokémon,1.5 m (4′11″),132.5 kg (292.1 lbs),525,50,95,180,85,45,70
0092,Gastly,,"['Ghost', 'Poison']",Gas Pokémon,1.3 m (4′03″),0.1 kg (0.2 lbs),310,30,35,30,100,35,80
0093,Haunter,,"['Ghost', 'Poison']",Gas Pokémon,1.6 m (5′03″),0.1 kg (0.2 lbs),405,45,50,45,115,55,95
0094,Gengar,,"['Ghost', 'Poison']",Shadow Pokémon,1.5 m (4′11″),40.5 kg (89.3 lbs),500,60,65,60,130,75,110
0094,Gengar,Mega Gengar,"['Ghost', 'Poison']",Shadow Pokémon,1.5 m (4′11″),40.5 kg (89.3 lbs),600,60,65,80,170,95,130
0095,Onix,,"['Rock', 'Ground']",Rock Snake Pokémon,8.8 m (28′10″),210.0 kg (463.0 lbs),385,35,45,160,30,45,70
0096,Drowzee,,['Psychic'],Hypnosis Pokémon,1.0 m (3′03″),32.4 kg (71.4 lbs),328,60,48,45,43,90,42
0097,Hypno,,['Psychic'],Hypnosis Pokémon,1.6 m (5′03″),75.6 kg (166.7 lbs),483,85,73,70,73,115,67
0098,Krabby,,['Water'],River Crab Pokémon,0.4 m (1′04″),6.5 kg (14.3 lbs),325,30,105,90,25,25,50
0099,Kingler,,['Water'],Pincer Pokémon,1.3 m (4′03″),60.0 kg (132.3 lbs),475,55,130,115,50,50,75
0100,Voltorb,,['Electric'],Ball Pokémon,0.5 m (1′08″),10.4 kg (22.9 lbs),330,40,30,50,55,55,100
0100,Voltorb,Hisuian Voltorb,"['Electric', 'Grass']",Ball Pokémon,0.5 m (1′08″),10.4 kg (22.9 lbs),330,40,30,50,55,55,100
0101,Electrode,,['Electric'],Ball Pokémon,1.2 m (3′11″),66.6 kg (146.8 lbs),490,60,50,70,80,80,150
0101,Electrode,Hisuian Electrode,"['Electric', 'Grass']",Ball Pokémon,1.2 m (3′11″),66.6 kg (146.8 lbs),490,60,50,70,80,80,150
0102,Exeggcute,,"['Grass', 'Psychic']",Egg Pokémon,0.4 m (1′04″),2.5 kg (5.5 lbs),325,60,40,80,60,45,40
0103,Exeggutor,,"['Grass', 'Psychic']",Coconut Pokémon,2.0 m (6′07″),120.0 kg (264.6 lbs),530,95,95,85,125,75,55
0103,Exeggutor,Alolan Exeggutor,"['Grass', 'Dragon']",Coconut Pokémon,2.0 m (6′07″),120.0 kg (264.6 lbs),530,95,105,85,125,75,45
0104,Cubone,,['Ground'],Lonely Pokémon,0.4 m (1′04″),6.5 kg (14.3 lbs),320,50,50,95,40,50,35
0105,Marowak,,['Ground'],Bone Keeper Pokémon,1.0 m (3′03″),45.0 kg (99.2 lbs),425,60,80,110,50,80,45
0105,Marowak,Alolan Marowak,"['Fire', 'Ghost']",Bone Keeper Pokémon,1.0 m (3′03″),45.0 kg (99.2 lbs),425,60,80,110,50,80,45
0106,Hitmonlee,,['Fighting'],Kicking Pokémon,1.5 m (4′11″),49.8 kg (109.8 lbs),455,50,120,53,35,110,87
0107,Hitmonchan,,['Fighting'],Punching Pokémon,1.4 m (4′07″),50.2 kg (110.7 lbs),455,50,105,79,35,110,76
0108,Lickitung,,['Normal'],Licking Pokémon,1.2 m (3′11″),65.5 kg (144.4 lbs),385,90,55,75,60,75,30
0109,Koffing,,['Poison'],Poison Gas Pokémon,0.6 m (2′00″),1.0 kg (2.2 lbs),340,40,65,95,60,45,35
0110,Weezing,,['Poison'],Poison Gas Pokémon,1.2 m (3′11″),9.5 kg (20.9 lbs),490,65,90,120,85,70,60
0110,Weezing,Galarian Weezing,"['Poison', 'Fairy']",Poison Gas Pokémon,1.2 m (3′11″),9.5 kg (20.9 lbs),490,65,90,120,85,70,60
0111,Rhyhorn,,"['Ground', 'Rock']",Spikes Pokémon,1.0 m (3′03″),115.0 kg (253.5 lbs),345,80,85,95,30,30,25
0112,Rhydon,,"['Ground', 'Rock']",Drill Pokémon,1.9 m (6′03″),120.0 kg (264.6 lbs),485,105,130,120,45,45,40
0113,Chansey,,['Normal'],Egg Pokémon,1.1 m (3′07″),34.6 kg (76.3 lbs),450,250,5,5,35,105,50
0114,Tangela,,['Grass'],Vine Pokémon,1.0 m (3′03″),35.0 kg (77.2 lbs),435,65,55,115,100,40,60
0115,Kangaskhan,,['Normal'],Parent Pokémon,2.2 m (7′03″),80.0 kg (176.4 lbs),490,105,95,80,40,80,90
0115,Kangaskhan,Mega Kangaskhan,['Normal'],Parent Pokémon,2.2 m (7′03″),80.0 kg (176.4 lbs),590,105,125,100,60,100,100
0116,Horsea,,['Water'],Dragon Pokémon,0.4 m (1′04″),8.0 kg (17.6 lbs),295,30,40,70,70,25,60
0117,Seadra,,['Water'],Dragon Pokémon,1.2 m (3′11″),25.0 kg (55.1 lbs),440,55,65,95,95,45,85
0118,Goldeen,,['Water'],Goldfish Pokémon,0.6 m (2′00″),15.0 kg (33.1 lbs),320,45,67,60,35,50,63
0119,Seaking,,['Water'],Goldfish Pokémon,1.3 m (4′03″),39.0 kg (86.0 lbs),450,80,92,65,65,80,68
0120,Staryu,,['Water'],Star Shape Pokémon,0.8 m (2′07″),34.5 kg (76.1 lbs),340,30,45,55,70,55,85
0121,Starmie,,"['Water', 'Psychic']",Mysterious Pokémon,1.1 m (3′07″),80.0 kg (176.4 lbs),520,60,75,85,100,85,115
0122,Mr. Mime,,"['Psychic', 'Fairy']",Barrier Pokémon,1.3 m (4′03″),54.5 kg (120.2 lbs),460,40,45,65,100,120,90
0122,Mr. Mime,Galarian Mr. Mime,"['Ice', 'Psychic']",Barrier Pokémon,1.3 m (4′03″),54.5 kg (120.2 lbs),460,50,65,65,90,90,100
0123,Scyther,,"['Bug', 'Flying']",Mantis Pokémon,1.5 m (4′11″),56.0 kg (123.5 lbs),500,70,110,80,55,80,105
0124,Jynx,,"['Ice', 'Psychic']",Human Shape Pokémon,1.4 m (4′07″),40.6 kg (89.5 lbs),455,65,50,35,115,95,95
0125,Electabuzz,,['Electric'],Electric Pokémon,1.1 m (3′07″),30.0 kg (66.1 lbs),490,65,83,57,95,85,105
0126,Magmar,,['Fire'],Spitfire Pokémon,1.3 m (4′03″),44.5 kg (98.1 lbs),495,65,95,57,100,85,93
0127,Pinsir,,['Bug'],Stag Beetle Pokémon,1.5 m (4′11″),55.0 kg (121.3 lbs),500,65,125,100,55,70,85
0127,Pinsir,Mega Pinsir,"['Bug', 'Flying']",Stag Beetle Pokémon,1.5 m (4′11″),55.0 kg (121.3 lbs),600,65,155,120,65,90,105
0128,Tauros,,['Normal'],Wild Bull Pokémon,1.4 m (4′07″),88.4 kg (194.9 lbs),490,75,100,95,40,70,110
0128,Tauros,Combat Breed,['Fighting'],Wild Bull Pokémon,1.4 m (4′07″),88.4 kg (194.9 lbs),490,75,110,105,30,70,100
0128,Tauros,Blaze Breed,"['Fighting', 'Fire']",Wild Bull Pokémon,1.4 m (4′07″),88.4 kg (194.9 lbs),490,75,110,105,30,70,100
0128,Tauros,Aqua Breed,"['Fighting', 'Water']",Wild Bull Pokémon,1.4 m (4′07″),88.4 kg (194.9 lbs),490,75,110,105,30,70,100
0129,Magikarp,,['Water'],Fish Pokémon,0.9 m (2′11″),10.0 kg (22.0 lbs),200,20,10,55,15,20,80
0130,Gyarados,,"['Water', 'Flying']",Atrocious Pokémon,6.5 m (21′04″),235.0 kg (518.1 lbs),540,95,125,79,60,100,81
0130,Gyarados,Mega Gyarados,"['Water', 'Dark']",Atrocious Pokémon,6.5 m (21′04″),235.0 kg (518.1 lbs),640,95,155,109,70,130,81
0131,Lapras,,"['Water', 'Ice']",Transport Pokémon,2.5 m (8′02″),220.0 kg (485.0 lbs),535,130,85,80,85,95,60
0132,Ditto,,['Normal'],Transform Pokémon,0.3 m (1′00″),4.0 kg (8.8 lbs),288,48,48,48,48,48,48
0133,Eevee,,['Normal'],Evolution Pokémon,0.3 m (1′00″),6.5 kg (14.3 lbs),325,55,55,50,45,65,55
0133,Eevee,Partner Eevee,['Normal'],Evolution Pokémon,0.3 m (1′00″),6.5 kg (14.3 lbs),435,65,75,70,65,85,75
0134,Vaporeon,,['Water'],Bubble Jet Pokémon,1.0 m (3′03″),29.0 kg (63.9 lbs),525,130,65,60,110,95,65
0135,Jolteon,,['Electric'],Lightning Pokémon,0.8 m (2′07″),24.5 kg (54.0 lbs),525,65,65,60,110,95,130
0136,Flareon,,['Fire'],Flame Pokémon,0.9 m (2′11″),25.0 kg (55.1 lbs),525,65,130,60,95,110,65
0137,Porygon,,['Normal'],Virtual Pokémon,0.8 m (2′07″),36.5 kg (80.5 lbs),395,65,60,70,85,75,40
0138,Omanyte,,"['Rock', 'Water']",Spiral Pokémon,0.4 m (1′04″),7.5 kg (16.5 lbs),355,35,40,100,90,55,35
0139,Omastar,,"['Rock', 'Water']",Spiral Pokémon,1.0 m (3′03″),35.0 kg (77.2 lbs),495,70,60,125,115,70,55
0140,Kabuto,,"['Rock', 'Water']",Shellfish Pokémon,0.5 m (1′08″),11.5 kg (25.4 lbs),355,30,80,90,55,45,55
0141,Kabutops,,"['Rock', 'Water']",Shellfish Pokémon,1.3 m (4′03″),40.5 kg (89.3 lbs),495,60,115,105,65,70,80
0142,Aerodactyl,,"['Rock', 'Flying']",Fossil Pokémon,1.8 m (5′11″),59.0 kg (130.1 lbs),515,80,105,65,60,75,130
0142,Aerodactyl,Mega Aerodactyl,"['Rock', 'Flying']",Fossil Pokémon,1.8 m (5′11″),59.0 kg (130.1 lbs),615,80,135,85,70,95,150
0143,Snorlax,,['Normal'],Sleeping Pokémon,2.1 m (6′11″),460.0 kg (1014.1 lbs),540,160,110,65,65,110,30
0144,Articuno,,"['Ice', 'Flying']",Freeze Pokémon,1.7 m (5′07″),55.4 kg (122.1 lbs),580,90,85,100,95,125,85
0144,Articuno,Galarian Articuno,"['Psychic', 'Flying']",Freeze Pokémon,1.7 m (5′07″),55.4 kg (122.1 lbs),580,90,85,85,125,100,95
0145,Zapdos,,"['Electric', 'Flying']",Electric Pokémon,1.6 m (5′03″),52.6 kg (116.0 lbs),580,90,90,85,125,90,100
0145,Zapdos,Galarian Zapdos,"['Fighting', 'Flying']",Electric Pokémon,1.6 m (5′03″),52.6 kg (116.0 lbs),580,90,125,90,85,90,100
0146,Moltres,,"['Fire', 'Flying']",Flame Pokémon,2.0 m (6′07″),60.0 kg (132.3 lbs),580,90,100,90,125,85,90
0146,Moltres,Galarian Moltres,"['Dark', 'Flying']",Flame Pokémon,2.0 m (6′07″),60.0 kg (132.3 lbs),580,90,85,90,100,125,90
0147,Dratini,,['Dragon'],Dragon Pokémon,1.8 m (5′11″),3.3 kg (7.3 lbs),300,41,64,45,50,50,50
0148,Dragonair,,['Dragon'],Dragon Pokémon,4.0 m (13′01″),16.5 kg (36.4 lbs),420,61,84,65,70,70,70
0149,Dragonite,,"['Dragon', 'Flying']",Dragon Pokémon,2.2 m (7′03″),210.0 kg (463.0 lbs),600,91,134,95,100,100,80
0150,Mewtwo,,['Psychic'],Genetic Pokémon,2.0 m (6′07″),122.0 kg (269.0 lbs),680,106,110,90,154,90,130
0150,Mewtwo,Mega Mewtwo X,"['Psychic', 'Fighting']",Genetic Pokémon,2.0 m (6′07″),122.0 kg (269.0 lbs),780,106,190,100,154,100,130
0150,Mewtwo,Mega Mewtwo Y,['Psychic'],Genetic Pokémon,2.0 m (6′07″),122.0 kg (269.0 lbs),780,106,150,70,194,120,140
0151,Mew,,['Psychic'],New Species Pokémon,0.4 m (1′04″),4.0 kg (8.8 lbs),600,100,100,100,100,100,100
0152,Chikorita,,['Grass'],Leaf Pokémon,0.9 m (2′11″),6.4 kg (14.1 lbs),318,45,49,65,49,65,45
0153,Bayleef,,['Grass'],Leaf Pokémon,1.2 m (3′11″),15.8 kg (34.8 lbs),405,60,62,80,63,80,60
0154,Meganium,,['Grass'],Herb Pokémon,1.8 m (5′11″),100.5 kg (221.6 lbs),525,80,82,100,83,100,80
0155,Cyndaquil,,['Fire'],Fire Mouse Pokémon,0.5 m (1′08″),7.9 kg (17.4 lbs),309,39,52,43,60,50,65
0156,Quilava,,['Fire'],Volcano Pokémon,0.9 m (2′11″),19.0 kg (41.9 lbs),405,58,64,58,80,65,80
0157,Typhlosion,,['Fire'],Volcano Pokémon,1.7 m (5′07″),79.5 kg (175.3 lbs),534,78,84,78,109,85,100
0157,Typhlosion,Hisuian Typhlosion,"['Fire', 'Ghost']",Volcano Pokémon,1.7 m (5′07″),79.5 kg (175.3 lbs),534,73,84,78,119,85,95
0158,Totodile,,['Water'],Big Jaw Pokémon,0.6 m (2′00″),9.5 kg (20.9 lbs),314,50,65,64,44,48,43
0159,Croconaw,,['Water'],Big Jaw Pokémon,1.1 m (3′07″),25.0 kg (55.1 lbs),405,65,80,80,59,63,58
0160,Feraligatr,,['Water'],Big Jaw Pokémon,2.3 m (7′07″),88.8 kg (195.8 lbs),530,85,105,100,79,83,78
0161,Sentret,,['Normal'],Scout Pokémon,0.8 m (2′07″),6.0 kg (13.2 lbs),215,35,46,34,35,45,20
0162,Furret,,['Normal'],Long Body Pokémon,1.8 m (5′11″),32.5 kg (71.7 lbs),415,85,76,64,45,55,90
0163,Hoothoot,,"['Normal', 'Flying']",Owl Pokémon,0.7 m (2′04″),21.2 kg (46.7 lbs),262,60,30,30,36,56,50
0164,Noctowl,,"['Normal', 'Flying']",Owl Pokémon,1.6 m (5′03″),40.8 kg (89.9 lbs),452,100,50,50,86,96,70
0165,Ledyba,,"['Bug', 'Flying']",Five Star Pokémon,1.0 m (3′03″),10.8 kg (23.8 lbs),265,40,20,30,40,80,55
0166,Ledian,,"['Bug', 'Flying']",Five Star Pokémon,1.4 m (4′07″),35.6 kg (78.5 lbs),390,55,35,50,55,110,85
0167,Spinarak,,"['Bug', 'Poison']",String Spit Pokémon,0.5 m (1′08″),8.5 kg (18.7 lbs),250,40,60,40,40,40,30
0168,Ariados,,"['Bug', 'Poison']",Long Leg Pokémon,1.1 m (3′07″),33.5 kg (73.9 lbs),400,70,90,70,60,70,40
0169,Crobat,,"['Poison', 'Flying']",Bat Pokémon,1.8 m (5′11″),75.0 kg (165.3 lbs),535,85,90,80,70,80,130
0170,Chinchou,,"['Water', 'Electric']",Angler Pokémon,0.5 m (1′08″),12.0 kg (26.5 lbs),330,75,38,38,56,56,67
0171,Lanturn,,"['Water', 'Electric']",Light Pokémon,1.2 m (3′11″),22.5 kg (49.6 lbs),460,125,58,58,76,76,67
0172,Pichu,,['Electric'],Tiny Mouse Pokémon,0.3 m (1′00″),2.0 kg (4.4 lbs),205,20,40,15,35,35,60
0173,Cleffa,,['Fairy'],Star Shape Pokémon,0.3 m (1′00″),3.0 kg (6.6 lbs),218,50,25,28,45,55,15
0174,Igglybuff,,"['Normal', 'Fairy']",Balloon Pokémon,0.3 m (1′00″),1.0 kg (2.2 lbs),210,90,30,15,40,20,15
0175,Togepi,,['Fairy'],Spike Ball Pokémon,0.3 m (1′00″),1.5 kg (3.3 lbs),245,35,20,65,40,65,20
0176,Togetic,,"['Fairy', 'Flying']",Happiness Pokémon,0.6 m (2′00″),3.2 kg (7.1 lbs),405,55,40,85,80,105,40
0177,Natu,,"['Psychic', 'Flying']",Tiny Bird Pokémon,0.2 m (0′08″),2.0 kg (4.4 lbs),320,40,50,45,70,45,70
0178,Xatu,,"['Psychic', 'Flying']",Mystic Pokémon,1.5 m (4′11″),15.0 kg (33.1 lbs),470,65,75,70,95,70,95
0179,Mareep,,['Electric'],Wool Pokémon,0.6 m (2′00″),7.8 kg (17.2 lbs),280,55,40,40,65,45,35
0180,Flaaffy,,['Electric'],Wool Pokémon,0.8 m (2′07″),13.3 kg (29.3 lbs),365,70,55,55,80,60,45
0181,Ampharos,,['Electric'],Light Pokémon,1.4 m (4′07″),61.5 kg (135.6 lbs),510,90,75,85,115,90,55
0181,Ampharos,Mega Ampharos,"['Electric', 'Dragon']",Light Pokémon,1.4 m (4′07″),61.5 kg (135.6 lbs),610,90,95,105,165,110,45
0182,Bellossom,,['Grass'],Flower Pokémon,0.4 m (1′04″),5.8 kg (12.8 lbs),490,75,80,95,90,100,50
0183,Marill,,"['Water', 'Fairy']",Aqua Mouse Pokémon,0.4 m (1′04″),8.5 kg (18.7 lbs),250,70,20,50,20,50,40
0184,Azumarill,,"['Water', 'Fairy']",Aqua Rabbit Pokémon,0.8 m (2′07″),28.5 kg (62.8 lbs),420,100,50,80,60,80,50
0185,Sudowoodo,,['Rock'],Imitation Pokémon,1.2 m (3′11″),38.0 kg (83.8 lbs),410,70,100,115,30,65,30
0186,Politoed,,['Water'],Frog Pokémon,1.1 m (3′07″),33.9 kg (74.7 lbs),500,90,75,75,90,100,70
0187,Hoppip,,"['Grass', 'Flying']",Cottonweed Pokémon,0.4 m (1′04″),0.5 kg (1.1 lbs),250,35,35,40,35,55,50
0188,Skiploom,,"['Grass', 'Flying']",Cottonweed Pokémon,0.6 m (2′00″),1.0 kg (2.2 lbs),340,55,45,50,45,65,80
0189,Jumpluff,,"['Grass', 'Flying']",Cottonweed Pokémon,0.8 m (2′07″),3.0 kg (6.6 lbs),460,75,55,70,55,95,110
0190,Aipom,,['Normal'],Long Tail Pokémon,0.8 m (2′07″),11.5 kg (25.4 lbs),360,55,70,55,40,55,85
0191,Sunkern,,['Grass'],Seed Pokémon,0.3 m (1′00″),1.8 kg (4.0 lbs),180,30,30,30,30,30,30
0192,Sunflora,,['Grass'],Sun Pokémon,0.8 m (2′07″),8.5 kg (18.7 lbs),425,75,75,55,105,85,30
0193,Yanma,,"['Bug', 'Flying']",Clear Wing Pokémon,1.2 m (3′11″),38.0 kg (83.8 lbs),390,65,65,45,75,45,95
0194,Wooper,,"['Water', 'Ground']",Water Fish Pokémon,0.4 m (1′04″),8.5 kg (18.7 lbs),210,55,45,45,25,25,15
0194,Wooper,Paldean Wooper,"['Poison', 'Ground']",Water Fish Pokémon,0.4 m (1′04″),8.5 kg (18.7 lbs),210,55,45,45,25,25,15
0195,Quagsire,,"['Water', 'Ground']",Water Fish Pokémon,1.4 m (4′07″),75.0 kg (165.3 lbs),430,95,85,85,65,65,35
0196,Espeon,,['Psychic'],Sun Pokémon,0.9 m (2′11″),26.5 kg (58.4 lbs),525,65,65,60,130,95,110
0197,Umbreon,,['Dark'],Moonlight Pokémon,1.0 m (3′03″),27.0 kg (59.5 lbs),525,95,65,110,60,130,65
0198,Murkrow,,"['Dark', 'Flying']",Darkness Pokémon,0.5 m (1′08″),2.1 kg (4.6 lbs),405,60,85,42,85,42,91
0199,Slowking,,"['Water', 'Psychic']",Royal Pokémon,2.0 m (6′07″),79.5 kg (175.3 lbs),490,95,75,80,100,110,30
0199,Slowking,Galarian Slowking,"['Poison', 'Psychic']",Royal Pokémon,2.0 m (6′07″),79.5 kg (175.3 lbs),490,95,65,80,110,110,30
0200,Misdreavus,,['Ghost'],Screech Pokémon,0.7 m (2′04″),1.0 kg (2.2 lbs),435,60,60,60,85,85,85
0201,Unown,,['Psychic'],Symbol Pokémon,0.5 m (1′08″),5.0 kg (11.0 lbs),336,48,72,48,72,48,48
0202,Wobbuffet,,['Psychic'],Patient Pokémon,1.3 m (4′03″),28.5 kg (62.8 lbs),405,190,33,58,33,58,33
0203,Girafarig,,"['Normal', 'Psychic']",Long Neck Pokémon,1.5 m (4′11″),41.5 kg (91.5 lbs),455,70,80,65,90,65,85
0204,Pineco,,['Bug'],Bagworm Pokémon,0.6 m (2′00″),7.2 kg (15.9 lbs),290,50,65,90,35,35,15
0205,Forretress,,"['Bug', 'Steel']",Bagworm Pokémon,1.2 m (3′11″),125.8 kg (277.3 lbs),465,75,90,140,60,60,40
0206,Dunsparce,,['Normal'],Land Snake Pokémon,1.5 m (4′11″),14.0 kg (30.9 lbs),415,100,70,70,65,65,45
0207,Gligar,,"['Ground', 'Flying']",FlyScorpion Pokémon,1.1 m (3′07″),64.8 kg (142.9 lbs),430,65,75,105,35,65,85
0208,Steelix,,"['Steel', 'Ground']",Iron Snake Pokémon,9.2 m (30′02″),400.0 kg (881.8 lbs),510,75,85,200,55,65,30
0208,Steelix,Mega Steelix,"['Steel', 'Ground']",Iron Snake Pokémon,9.2 m (30′02″),400.0 kg (881.8 lbs),610,75,125,230,55,95,30
0209,Snubbull,,['Fairy'],Fairy Pokémon,0.6 m (2′00″),7.8 kg (17.2 lbs),300,60,80,50,40,40,30
0210,Granbull,,['Fairy'],Fairy Pokémon,1.4 m (4′07″),48.7 kg (107.4 lbs),450,90,120,75,60,60,45
0211,Qwilfish,,"['Water', 'Poison']",Balloon Pokémon,0.5 m (1′08″),3.9 kg (8.6 lbs),440,65,95,85,55,55,85
0211,Qwilfish,Hisuian Qwilfish,"['Dark', 'Poison']",Balloon Pokémon,0.5 m (1′08″),3.9 kg (8.6 lbs),440,65,95,85,55,55,85
0212,Scizor,,"['Bug', 'Steel']",Pincer Pokémon,1.8 m (5′11″),118.0 kg (260.1 lbs),500,70,130,100,55,80,65
0212,Scizor,Mega Scizor,"['Bug', 'Steel']",Pincer Pokémon,1.8 m (5′11″),118.0 kg (260.1 lbs),600,70,150,140,65,100,75
0213,Shuckle,,"['Bug', 'Rock']",Mold Pokémon,0.6 m (2′00″),20.5 kg (45.2 lbs),505,20,10,230,10,230,5
0214,Heracross,,"['Bug', 'Fighting']",Single Horn Pokémon,1.5 m (4′11″),54.0 kg (119.0 lbs),500,80,125,75,40,95,85
0214,Heracross,Mega Heracross,"['Bug', 'Fighting']",Single Horn Pokémon,1.5 m (4′11″),54.0 kg (119.0 lbs),600,80,185,115,40,105,75
0215,Sneasel,,"['Dark', 'Ice']",Sharp Claw Pokémon,0.9 m (2′11″),28.0 kg (61.7 lbs),430,55,95,55,35,75,115
0215,Sneasel,Hisuian Sneasel,"['Fighting', 'Poison']",Sharp Claw Pokémon,0.9 m (2′11″),28.0 kg (61.7 lbs),430,55,95,55,35,75,115
0216,Teddiursa,,['Normal'],Little Bear Pokémon,0.6 m (2′00″),8.8 kg (19.4 lbs),330,60,80,50,50,50,40
0217,Ursaring,,['Normal'],Hibernator Pokémon,1.8 m (5′11″),125.8 kg (277.3 lbs),500,90,130,75,75,75,55
0218,Slugma,,['Fire'],Lava Pokémon,0.7 m (2′04″),35.0 kg (77.2 lbs),250,40,40,40,70,40,20
0219,Magcargo,,"['Fire', 'Rock']",Lava Pokémon,0.8 m (2′07″),55.0 kg (121.3 lbs),430,60,50,120,90,80,30
0220,Swinub,,"['Ice', 'Ground']",Pig Pokémon,0.4 m (1′04″),6.5 kg (14.3 lbs),250,50,50,40,30,30,50
0221,Piloswine,,"['Ice', 'Ground']",Swine Pokémon,1.1 m (3′07″),55.8 kg (123.0 lbs),450,100,100,80,60,60,50
0222,Corsola,,"['Water', 'Rock']",Coral Pokémon,0.6 m (2′00″),5.0 kg (11.0 lbs),410,65,55,95,65,95,35
0222,Corsola,Galarian Corsola,['Ghost'],Coral Pokémon,0.6 m (2′00″),5.0 kg (11.0 lbs),410,60,55,100,65,100,30
0223,Remoraid,,['Water'],Jet Pokémon,0.6 m (2′00″),12.0 kg (26.5 lbs),300,35,65,35,65,35,65
0224,Octillery,,['Water'],Jet Pokémon,0.9 m (2′11″),28.5 kg (62.8 lbs),480,75,105,75,105,75,45
0225,Delibird,,"['Ice', 'Flying']",Delivery Pokémon,0.9 m (2′11″),16.0 kg (35.3 lbs),330,45,55,45,65,45,75
0226,Mantine,,"['Water', 'Flying']",Kite Pokémon,2.1 m (6′11″),220.0 kg (485.0 lbs),485,85,40,70,80,140,70
0227,Skarmory,,"['Steel', 'Flying']",Armor Bird Pokémon,1.7 m (5′07″),50.5 kg (111.3 lbs),465,65,80,140,40,70,70
0228,Houndour,,"['Dark', 'Fire']",Dark Pokémon,0.6 m (2′00″),10.8 kg (23.8 lbs),330,45,60,30,80,50,65
0229,Houndoom,,"['Dark', 'Fire']",Dark Pokémon,1.4 m (4′07″),35.0 kg (77.2 lbs),500,75,90,50,110,80,95
0229,Houndoom,Mega Houndoom,"['Dark', 'Fire']",Dark Pokémon,1.4 m (4′07″),35.0 kg (77.2 lbs),600,75,90,90,140,90,115
0230,Kingdra,,"['Water', 'Dragon']",Dragon Pokémon,1.8 m (5′11″),152.0 kg (335.1 lbs),540,75,95,95,95,95,85
0231,Phanpy,,['Ground'],Long Nose Pokémon,0.5 m (1′08″),33.5 kg (73.9 lbs),330,90,60,60,40,40,40
0232,Donphan,,['Ground'],Armor Pokémon,1.1 m (3′07″),120.0 kg (264.6 lbs),500,90,120,120,60,60,50
0233,Porygon2,,['Normal'],Virtual Pokémon,0.6 m (2′00″),32.5 kg (71.7 lbs),515,85,80,90,105,95,60
0234,Stantler,,['Normal'],Big Horn Pokémon,1.4 m (4′07″),71.2 kg (157.0 lbs),465,73,95,62,85,65,85
0235,Smeargle,,['Normal'],Painter Pokémon,1.2 m (3′11″),58.0 kg (127.9 lbs),250,55,20,35,20,45,75
0236,Tyrogue,,['Fighting'],Scuffle Pokémon,0.7 m (2′04″),21.0 kg (46.3 lbs),210,35,35,35,35,35,35
0237,Hitmontop,,['Fighting'],Handstand Pokémon,1.4 m (4′07″),48.0 kg (105.8 lbs),455,50,95,95,35,110,70
0238,Smoochum,,"['Ice', 'Psychic']",Kiss Pokémon,0.4 m (1′04″),6.0 kg (13.2 lbs),305,45,30,15,85,65,65
0239,Elekid,,['Electric'],Electric Pokémon,0.6 m (2′00″),23.5 kg (51.8 lbs),360,45,63,37,65,55,95
0240,Magby,,['Fire'],Live Coal Pokémon,0.7 m (2′04″),21.4 kg (47.2 lbs),365,45,75,37,70,55,83
0241,Miltank,,['Normal'],Milk Cow Pokémon,1.2 m (3′11″),75.5 kg (166.4 lbs),490,95,80,105,40,70,100
0242,Blissey,,['Normal'],Happiness Pokémon,1.5 m (4′11″),46.8 kg (103.2 lbs),540,255,10,10,75,135,55
0243,Raikou,,['Electric'],Thunder Pokémon,1.9 m (6′03″),178.0 kg (392.4 lbs),580,90,85,75,115,100,115
0244,Entei,,['Fire'],Volcano Pokémon,2.1 m (6′11″),198.0 kg (436.5 lbs),580,115,115,85,90,75,100
0245,Suicune,,['Water'],Aurora Pokémon,2.0 m (6′07″),187.0 kg (412.3 lbs),580,100,75,115,90,115,85
0246,Larvitar,,"['Rock', 'Ground']",Rock Skin Pokémon,0.6 m (2′00″),72.0 kg (158.7 lbs),300,50,64,50,45,50,41
0247,Pupitar,,"['Rock', 'Ground']",Hard Shell Pokémon,1.2 m (3′11″),152.0 kg (335.1 lbs),410,70,84,70,65,70,51
0248,Tyranitar,,"['Rock', 'Dark']",Armor Pokémon,2.0 m (6′07″),202.0 kg (445.3 lbs),600,100,134,110,95,100,61
0248,Tyranitar,Mega Tyranitar,"['Rock', 'Dark']",Armor Pokémon,2.0 m (6′07″),202.0 kg (445.3 lbs),700,100,164,150,95,120,71
0249,Lugia,,"['Psychic', 'Flying']",Diving Pokémon,5.2 m (17′01″),216.0 kg (476.2 lbs),680,106,90,130,90,154,110
0250,Ho-oh,,"['Fire', 'Flying']",Rainbow Pokémon,3.8 m (12′06″),199.0 kg (438.7 lbs),680,106,130,90,110,154,90
0251,Celebi,,"['Psychic', 'Grass']",Time Travel Pokémon,0.6 m (2′00″),5.0 kg (11.0 lbs),600,100,100,100,100,100,100
0252,Treecko,,['Grass'],Wood Gecko Pokémon,0.5 m (1′08″),5.0 kg (11.0 lbs),310,40,45,35,65,55,70
0253,Grovyle,,['Grass'],Wood Gecko Pokémon,0.9 m (2′11″),21.6 kg (47.6 lbs),405,50,65,45,85,65,95
0254,Sceptile,,['Grass'],Forest Pokémon,1.7 m (5′07″),52.2 kg (115.1 lbs),530,70,85,65,105,85,120
0254,Sceptile,Mega Sceptile,"['Grass', 'Dragon']",Forest Pokémon,1.7 m (5′07″),52.2 kg (115.1 lbs),630,70,110,75,145,85,145
0255,Torchic,,['Fire'],Chick Pokémon,0.4 m (1′04″),2.5 kg (5.5 lbs),310,45,60,40,70,50,45
0256,Combusken,,"['Fire', 'Fighting']",Young Fowl Pokémon,0.9 m (2′11″),19.5 kg (43.0 lbs),405,60,85,60,85,60,55
0257,Blaziken,,"['Fire', 'Fighting']",Blaze Pokémon,1.9 m (6′03″),52.0 kg (114.6 lbs),530,80,120,70,110,70,80
0257,Blaziken,Mega Blaziken,"['Fire', 'Fighting']",Blaze Pokémon,1.9 m (6′03″),52.0 kg (114.6 lbs),630,80,160,80,130,80,100
0258,Mudkip,,['Water'],Mud Fish Pokémon,0.4 m (1′04″),7.6 kg (16.8 lbs),310,50,70,50,50,50,40
0259,Marshtomp,,"['Water', 'Ground']",Mud Fish Pokémon,0.7 m (2′04″),28.0 kg (61.7 lbs),405,70,85,70,60,70,50
0260,Swampert,,"['Water', 'Ground']",Mud Fish Pokémon,1.5 m (4′11″),81.9 kg (180.6 lbs),535,100,110,90,85,90,60
0260,Swampert,Mega Swampert,"['Water', 'Ground']",Mud Fish Pokémon,1.5 m (4′11″),81.9 kg (180.6 lbs),635,100,150,110,95,110,70
0261,Poochyena,,['Dark'],Bite Pokémon,0.5 m (1′08″),13.6 kg (30.0 lbs),220,35,55,35,30,30,35
0262,Mightyena,,['Dark'],Bite Pokémon,1.0 m (3′03″),37.0 kg (81.6 lbs),420,70,90,70,60,60,70
0263,Zigzagoon,,['Normal'],TinyRaccoon Pokémon,0.4 m (1′04″),17.5 kg (38.6 lbs),240,38,30,41,30,41,60
0263,Zigzagoon,Galarian Zigzagoon,"['Dark', 'Normal']",TinyRaccoon Pokémon,0.4 m (1′04″),17.5 kg (38.6 lbs),240,38,30,41,30,41,60
0264,Linoone,,['Normal'],Rushing Pokémon,0.5 m (1′08″),32.5 kg (71.7 lbs),420,78,70,61,50,61,100
0264,Linoone,Galarian Linoone,"['Dark', 'Normal']",Rushing Pokémon,0.5 m (1′08″),32.5 kg (71.7 lbs),420,78,70,61,50,61,100
0265,Wurmple,,['Bug'],Worm Pokémon,0.3 m (1′00″),3.6 kg (7.9 lbs),195,45,45,35,20,30,20
0266,Silcoon,,['Bug'],Cocoon Pokémon,0.6 m (2′00″),10.0 kg (22.0 lbs),205,50,35,55,25,25,15
0267,Beautifly,,"['Bug', 'Flying']",Butterfly Pokémon,1.0 m (3′03″),28.4 kg (62.6 lbs),395,60,70,50,100,50,65
0268,Cascoon,,['Bug'],Cocoon Pokémon,0.7 m (2′04″),11.5 kg (25.4 lbs),205,50,35,55,25,25,15
0269,Dustox,,"['Bug', 'Poison']",Poison Moth Pokémon,1.2 m (3′11″),31.6 kg (69.7 lbs),385,60,50,70,50,90,65
0270,Lotad,,"['Water', 'Grass']",Water Weed Pokémon,0.5 m (1′08″),2.6 kg (5.7 lbs),220,40,30,30,40,50,30
0271,Lombre,,"['Water', 'Grass']",Jolly Pokémon,1.2 m (3′11″),32.5 kg (71.7 lbs),340,60,50,50,60,70,50
0272,Ludicolo,,"['Water', 'Grass']",Carefree Pokémon,1.5 m (4′11″),55.0 kg (121.3 lbs),480,80,70,70,90,100,70
0273,Seedot,,['Grass'],Acorn Pokémon,0.5 m (1′08″),4.0 kg (8.8 lbs),220,40,40,50,30,30,30
0274,Nuzleaf,,"['Grass', 'Dark']",Wily Pokémon,1.0 m (3′03″),28.0 kg (61.7 lbs),340,70,70,40,60,40,60
0275,Shiftry,,"['Grass', 'Dark']",Wicked Pokémon,1.3 m (4′03″),59.6 kg (131.4 lbs),480,90,100,60,90,60,80
0276,Taillow,,"['Normal', 'Flying']",TinySwallow Pokémon,0.3 m (1′00″),2.3 kg (5.1 lbs),270,40,55,30,30,30,85
0277,Swellow,,"['Normal', 'Flying']",Swallow Pokémon,0.7 m (2′04″),19.8 kg (43.7 lbs),455,60,85,60,75,50,125
0278,Wingull,,"['Water', 'Flying']",Seagull Pokémon,0.6 m (2′00″),9.5 kg (20.9 lbs),270,40,30,30,55,30,85
0279,Pelipper,,"['Water', 'Flying']",Water Bird Pokémon,1.2 m (3′11″),28.0 kg (61.7 lbs),440,60,50,100,95,70,65
0280,Ralts,,"['Psychic', 'Fairy']",Feeling Pokémon,0.4 m (1′04″),6.6 kg (14.6 lbs),198,28,25,25,45,35,40
0281,Kirlia,,"['Psychic', 'Fairy']",Emotion Pokémon,0.8 m (2′07″),20.2 kg (44.5 lbs),278,38,35,35,65,55,50
0282,Gardevoir,,"['Psychic', 'Fairy']",Embrace Pokémon,1.6 m (5′03″),48.4 kg (106.7 lbs),518,68,65,65,125,115,80
0282,Gardevoir,Mega Gardevoir,"['Psychic', 'Fairy']",Embrace Pokémon,1.6 m (5′03″),48.4 kg (106.7 lbs),618,68,85,65,165,135,100
0283,Surskit,,"['Bug', 'Water']",Pond Skater Pokémon,0.5 m (1′08″),1.7 kg (3.7 lbs),269,40,30,32,50,52,65
0284,Masquerain,,"['Bug', 'Flying']",Eyeball Pokémon,0.8 m (2′07″),3.6 kg (7.9 lbs),454,70,60,62,100,82,80
0285,Shroomish,,['Grass'],Mushroom Pokémon,0.4 m (1′04″),4.5 kg (9.9 lbs),295,60,40,60,40,60,35
0286,Breloom,,"['Grass', 'Fighting']",Mushroom Pokémon,1.2 m (3′11″),39.2 kg (86.4 lbs),460,60,130,80,60,60,70
0287,Slakoth,,['Normal'],Slacker Pokémon,0.8 m (2′07″),24.0 kg (52.9 lbs),280,60,60,60,35,35,30
0288,Vigoroth,,['Normal'],Wild Monkey Pokémon,1.4 m (4′07″),46.5 kg (102.5 lbs),440,80,80,80,55,55,90
0289,Slaking,,['Normal'],Lazy Pokémon,2.0 m (6′07″),130.5 kg (287.7 lbs),670,150,160,100,95,65,100
0290,Nincada,,"['Bug', 'Ground']",Trainee Pokémon,0.5 m (1′08″),5.5 kg (12.1 lbs),266,31,45,90,30,30,40
0291,Ninjask,,"['Bug', 'Flying']",Ninja Pokémon,0.8 m (2′07″),12.0 kg (26.5 lbs),456,61,90,45,50,50,160
0292,Shedinja,,"['Bug', 'Ghost']",Shed Pokémon,0.8 m (2′07″),1.2 kg (2.6 lbs),236,1,90,45,30,30,40
0293,Whismur,,['Normal'],Whisper Pokémon,0.6 m (2′00″),16.3 kg (35.9 lbs),240,64,51,23,51,23,28
0294,Loudred,,['Normal'],Big Voice Pokémon,1.0 m (3′03″),40.5 kg (89.3 lbs),360,84,71,43,71,43,48
0295,Exploud,,['Normal'],Loud Noise Pokémon,1.5 m (4′11″),84.0 kg (185.2 lbs),490,104,91,63,91,73,68
0296,Makuhita,,['Fighting'],Guts Pokémon,1.0 m (3′03″),86.4 kg (190.5 lbs),237,72,60,30,20,30,25
0297,Hariyama,,['Fighting'],Arm Thrust Pokémon,2.3 m (7′07″),253.8 kg (559.5 lbs),474,144,120,60,40,60,50
0298,Azurill,,"['Normal', 'Fairy']",Polka Dot Pokémon,0.2 m (0′08″),2.0 kg (4.4 lbs),190,50,20,40,20,40,20
0299,Nosepass,,['Rock'],Compass Pokémon,1.0 m (3′03″),97.0 kg (213.8 lbs),375,30,45,135,45,90,30
0300,Skitty,,['Normal'],Kitten Pokémon,0.6 m (2′00″),11.0 kg (24.3 lbs),260,50,45,45,35,35,50
0301,Delcatty,,['Normal'],Prim Pokémon,1.1 m (3′07″),32.6 kg (71.9 lbs),400,70,65,65,55,55,90
0302,Sableye,,"['Dark', 'Ghost']",Darkness Pokémon,0.5 m (1′08″),11.0 kg (24.3 lbs),380,50,75,75,65,65,50
0302,Sableye,Mega Sableye,"['Dark', 'Ghost']",Darkness Pokémon,0.5 m (1′08″),11.0 kg (24.3 lbs),480,50,85,125,85,115,20
0303,Mawile,,"['Steel', 'Fairy']",Deceiver Pokémon,0.6 m (2′00″),11.5 kg (25.4 lbs),380,50,85,85,55,55,50
0303,Mawile,Mega Mawile,"['Steel', 'Fairy']",Deceiver Pokémon,0.6 m (2′00″),11.5 kg (25.4 lbs),480,50,105,125,55,95,50
0304,Aron,,"['Steel', 'Rock']",Iron Armor Pokémon,0.4 m (1′04″),60.0 kg (132.3 lbs),330,50,70,100,40,40,30
0305,Lairon,,"['Steel', 'Rock']",Iron Armor Pokémon,0.9 m (2′11″),120.0 kg (264.6 lbs),430,60,90,140,50,50,40
0306,Aggron,,"['Steel', 'Rock']",Iron Armor Pokémon,2.1 m (6′11″),360.0 kg (793.7 lbs),530,70,110,180,60,60,50
0306,Aggron,Mega Aggron,['Steel'],Iron Armor Pokémon,2.1 m (6′11″),360.0 kg (793.7 lbs),630,70,140,230,60,80,50
0307,Meditite,,"['Fighting', 'Psychic']",Meditate Pokémon,0.6 m (2′00″),11.2 kg (24.7 lbs),280,30,40,55,40,55,60
0308,Medicham,,"['Fighting', 'Psychic']",Meditate Pokémon,1.3 m (4′03″),31.5 kg (69.4 lbs),410,60,60,75,60,75,80
0308,Medicham,Mega Medicham,"['Fighting', 'Psychic']",Meditate Pokémon,1.3 m (4′03″),31.5 kg (69.4 lbs),510,60,100,85,80,85,100
0309,Electrike,,['Electric'],Lightning Pokémon,0.6 m (2′00″),15.2 kg (33.5 lbs),295,40,45,40,65,40,65
0310,Manectric,,['Electric'],Discharge Pokémon,1.5 m (4′11″),40.2 kg (88.6 lbs),475,70,75,60,105,60,105
0310,Manectric,Mega Manectric,['Electric'],Discharge Pokémon,1.5 m (4′11″),40.2 kg (88.6 lbs),575,70,75,80,135,80,135
0311,Plusle,,['Electric'],Cheering Pokémon,0.4 m (1′04″),4.2 kg (9.3 lbs),405,60,50,40,85,75,95
0312,Minun,,['Electric'],Cheering Pokémon,0.4 m (1′04″),4.2 kg (9.3 lbs),405,60,40,50,75,85,95
0313,Volbeat,,['Bug'],Firefly Pokémon,0.7 m (2′04″),17.7 kg (39.0 lbs),430,65,73,75,47,85,85
0314,Illumise,,['Bug'],Firefly Pokémon,0.6 m (2′00″),17.7 kg (39.0 lbs),430,65,47,75,73,85,85
0315,Roselia,,"['Grass', 'Poison']",Thorn Pokémon,0.3 m (1′00″),2.0 kg (4.4 lbs),400,50,60,45,100,80,65
0316,Gulpin,,['Poison'],Stomach Pokémon,0.4 m (1′04″),10.3 kg (22.7 lbs),302,70,43,53,43,53,40
0317,Swalot,,['Poison'],Poison Bag Pokémon,1.7 m (5′07″),80.0 kg (176.4 lbs),467,100,73,83,73,83,55
0318,Carvanha,,"['Water', 'Dark']",Savage Pokémon,0.8 m (2′07″),20.8 kg (45.9 lbs),305,45,90,20,65,20,65
0319,Sharpedo,,"['Water', 'Dark']",Brutal Pokémon,1.8 m (5′11″),88.8 kg (195.8 lbs),460,70,120,40,95,40,95
0319,Sharpedo,Mega Sharpedo,"['Water', 'Dark']",Brutal Pokémon,1.8 m (5′11″),88.8 kg (195.8 lbs),560,70,140,70,110,65,105
0320,Wailmer,,['Water'],Ball Whale Pokémon,2.0 m (6′07″),130.0 kg (286.6 lbs),400,130,70,35,70,35,60
0321,Wailord,,['Water'],Float Whale Pokémon,14.5 m (47′07″),398.0 kg (877.4 lbs),500,170,90,45,90,45,60
0322,Numel,,"['Fire', 'Ground']",Numb Pokémon,0.7 m (2′04″),24.0 kg (52.9 lbs),305,60,60,40,65,45,35
0323,Camerupt,,"['Fire', 'Ground']",Eruption Pokémon,1.9 m (6′03″),220.0 kg (485.0 lbs),460,70,100,70,105,75,40
0323,Camerupt,Mega Camerupt,"['Fire', 'Ground']",Eruption Pokémon,1.9 m (6′03″),220.0 kg (485.0 lbs),560,70,120,100,145,105,20
0324,Torkoal,,['Fire'],Coal Pokémon,0.5 m (1′08″),80.4 kg (177.3 lbs),470,70,85,140,85,70,20
0325,Spoink,,['Psychic'],Bounce Pokémon,0.7 m (2′04″),30.6 kg (67.5 lbs),330,60,25,35,70,80,60
0326,Grumpig,,['Psychic'],Manipulate Pokémon,0.9 m (2′11″),71.5 kg (157.6 lbs),470,80,45,65,90,110,80
0327,Spinda,,['Normal'],Spot Panda Pokémon,1.1 m (3′07″),5.0 kg (11.0 lbs),360,60,60,60,60,60,60
0328,Trapinch,,['Ground'],Ant Pit Pokémon,0.7 m (2′04″),15.0 kg (33.1 lbs),290,45,100,45,45,45,10
0329,Vibrava,,"['Ground', 'Dragon']",Vibration Pokémon,1.1 m (3′07″),15.3 kg (33.7 lbs),340,50,70,50,50,50,70
0330,Flygon,,"['Ground', 'Dragon']",Mystic Pokémon,2.0 m (6′07″),82.0 kg (180.8 lbs),520,80,100,80,80,80,100
0331,Cacnea,,['Grass'],Cactus Pokémon,0.4 m (1′04″),51.3 kg (113.1 lbs),335,50,85,40,85,40,35
0332,Cacturne,,"['Grass', 'Dark']",Scarecrow Pokémon,1.3 m (4′03″),77.4 kg (170.6 lbs),475,70,115,60,115,60,55
0333,Swablu,,"['Normal', 'Flying']",Cotton Bird Pokémon,0.4 m (1′04″),1.2 kg (2.6 lbs),310,45,40,60,40,75,50
0334,Altaria,,"['Dragon', 'Flying']",Humming Pokémon,1.1 m (3′07″),20.6 kg (45.4 lbs),490,75,70,90,70,105,80
0334,Altaria,Mega Altaria,"['Dragon', 'Fairy']",Humming Pokémon,1.1 m (3′07″),20.6 kg (45.4 lbs),590,75,110,110,110,105,80
0335,Zangoose,,['Normal'],Cat Ferret Pokémon,1.3 m (4′03″),40.3 kg (88.8 lbs),458,73,115,60,60,60,90
0336,Seviper,,['Poison'],Fang Snake Pokémon,2.7 m (8′10″),52.5 kg (115.7 lbs),458,73,100,60,100,60,65
0337,Lunatone,,"['Rock', 'Psychic']",Meteorite Pokémon,1.0 m (3′03″),168.0 kg (370.4 lbs),460,90,55,65,95,85,70
0338,Solrock,,"['Rock', 'Psychic']",Meteorite Pokémon,1.2 m (3′11″),154.0 kg (339.5 lbs),460,90,95,85,55,65,70
0339,Barboach,,"['Water', 'Ground']",Whiskers Pokémon,0.4 m (1′04″),1.9 kg (4.2 lbs),288,50,48,43,46,41,60
0340,Whiscash,,"['Water', 'Ground']",Whiskers Pokémon,0.9 m (2′11″),23.6 kg (52.0 lbs),468,110,78,73,76,71,60
0341,Corphish,,['Water'],Ruffian Pokémon,0.6 m (2′00″),11.5 kg (25.4 lbs),308,43,80,65,50,35,35
0342,Crawdaunt,,"['Water', 'Dark']",Rogue Pokémon,1.1 m (3′07″),32.8 kg (72.3 lbs),468,63,120,85,90,55,55
0343,Baltoy,,"['Ground', 'Psychic']",Clay Doll Pokémon,0.5 m (1′08″),21.5 kg (47.4 lbs),300,40,40,55,40,70,55
0344,Claydol,,"['Ground', 'Psychic']",Clay Doll Pokémon,1.5 m (4′11″),108.0 kg (238.1 lbs),500,60,70,105,70,120,75
0345,Lileep,,"['Rock', 'Grass']",Sea Lily Pokémon,1.0 m (3′03″),23.8 kg (52.5 lbs),355,66,41,77,61,87,23
0346,Cradily,,"['Rock', 'Grass']",Barnacle Pokémon,1.5 m (4′11″),60.4 kg (133.2 lbs),495,86,81,97,81,107,43
0347,Anorith,,"['Rock', 'Bug']",Old Shrimp Pokémon,0.7 m (2′04″),12.5 kg (27.6 lbs),355,45,95,50,40,50,75
0348,Armaldo,,"['Rock', 'Bug']",Plate Pokémon,1.5 m (4′11″),68.2 kg (150.4 lbs),495,75,125,100,70,80,45
0349,Feebas,,['Water'],Fish Pokémon,0.6 m (2′00″),7.4 kg (16.3 lbs),200,20,15,20,10,55,80
0350,Milotic,,['Water'],Tender Pokémon,6.2 m (20′04″),162.0 kg (357.1 lbs),540,95,60,79,100,125,81
0351,Castform,,['Normal'],Weather Pokémon,0.3 m (1′00″),0.8 kg (1.8 lbs),420,70,70,70,70,70,70
0351,Castform,Sunny Form,['Fire'],Weather Pokémon,0.3 m (1′00″),0.8 kg (1.8 lbs),420,70,70,70,70,70,70
0351,Castform,Rainy Form,['Water'],Weather Pokémon,0.3 m (1′00″),0.8 kg (1.8 lbs),420,70,70,70,70,70,70
0351,Castform,Snowy Form,['Ice'],Weather Pokémon,0.3 m (1′00″),0.8 kg (1.8 lbs),420,70,70,70,70,70,70
0352,Kecleon,,['Normal'],Color Swap Pokémon,1.0 m (3′03″),22.0 kg (48.5 lbs),440,60,90,70,60,120,40
0353,Shuppet,,['Ghost'],Puppet Pokémon,0.6 m (2′00″),2.3 kg (5.1 lbs),295,44,75,35,63,33,45
0354,Banette,,['Ghost'],Marionette Pokémon,1.1 m (3′07″),12.5 kg (27.6 lbs),455,64,115,65,83,63,65
0354,Banette,Mega Banette,['Ghost'],Marionette Pokémon,1.1 m (3′07″),12.5 kg (27.6 lbs),555,64,165,75,93,83,75
0355,Duskull,,['Ghost'],Requiem Pokémon,0.8 m (2′07″),15.0 kg (33.1 lbs),295,20,40,90,30,90,25
0356,Dusclops,,['Ghost'],Beckon Pokémon,1.6 m (5′03″),30.6 kg (67.5 lbs),455,40,70,130,60,130,25
0357,Tropius,,"['Grass', 'Flying']",Fruit Pokémon,2.0 m (6′07″),100.0 kg (220.5 lbs),460,99,68,83,72,87,51
0358,Chimecho,,['Psychic'],Wind Chime Pokémon,0.6 m (2′00″),1.0 kg (2.2 lbs),455,75,50,80,95,90,65
0359,Absol,,['Dark'],Disaster Pokémon,1.2 m (3′11″),47.0 kg (103.6 lbs),465,65,130,60,75,60,75
0359,Absol,Mega Absol,['Dark'],Disaster Pokémon,1.2 m (3′11″),47.0 kg (103.6 lbs),565,65,150,60,115,60,115
0360,Wynaut,,['Psychic'],Bright Pokémon,0.6 m (2′00″),14.0 kg (30.9 lbs),260,95,23,48,23,48,23
0361,Snorunt,,['Ice'],Snow Hat Pokémon,0.7 m (2′04″),16.8 kg (37.0 lbs),300,50,50,50,50,50,50
0362,Glalie,,['Ice'],Face Pokémon,1.5 m (4′11″),256.5 kg (565.5 lbs),480,80,80,80,80,80,80
0362,Glalie,Mega Glalie,['Ice'],Face Pokémon,1.5 m (4′11″),256.5 kg (565.5 lbs),580,80,120,80,120,80,100
0363,Spheal,,"['Ice', 'Water']",Clap Pokémon,0.8 m (2′07″),39.5 kg (87.1 lbs),290,70,40,50,55,50,25
0364,Sealeo,,"['Ice', 'Water']",Ball Roll Pokémon,1.1 m (3′07″),87.6 kg (193.1 lbs),410,90,60,70,75,70,45
0365,Walrein,,"['Ice', 'Water']",Ice Break Pokémon,1.4 m (4′07″),150.6 kg (332.0 lbs),530,110,80,90,95,90,65
0366,Clamperl,,['Water'],Bivalve Pokémon,0.4 m (1′04″),52.5 kg (115.7 lbs),345,35,64,85,74,55,32
0367,Huntail,,['Water'],Deep Sea Pokémon,1.7 m (5′07″),27.0 kg (59.5 lbs),485,55,104,105,94,75,52
0368,Gorebyss,,['Water'],South Sea Pokémon,1.8 m (5′11″),22.6 kg (49.8 lbs),485,55,84,105,114,75,52
0369,Relicanth,,"['Water', 'Rock']",Longevity Pokémon,1.0 m (3′03″),23.4 kg (51.6 lbs),485,100,90,130,45,65,55
0370,Luvdisc,,['Water'],Rendezvous Pokémon,0.6 m (2′00″),8.7 kg (19.2 lbs),330,43,30,55,40,65,97
0371,Bagon,,['Dragon'],Rock Head Pokémon,0.6 m (2′00″),42.1 kg (92.8 lbs),300,45,75,60,40,30,50
0372,Shelgon,,['Dragon'],Endurance Pokémon,1.1 m (3′07″),110.5 kg (243.6 lbs),420,65,95,100,60,50,50
0373,Salamence,,"['Dragon', 'Flying']",Dragon Pokémon,1.5 m (4′11″),102.6 kg (226.2 lbs),600,95,135,80,110,80,100
0373,Salamence,Mega Salamence,"['Dragon', 'Flying']",Dragon Pokémon,1.5 m (4′11″),102.6 kg (226.2 lbs),700,95,145,130,120,90,120
0374,Beldum,,"['Steel', 'Psychic']",Iron Ball Pokémon,0.6 m (2′00″),95.2 kg (209.9 lbs),300,40,55,80,35,60,30
0375,Metang,,"['Steel', 'Psychic']",Iron Claw Pokémon,1.2 m (3′11″),202.5 kg (446.4 lbs),420,60,75,100,55,80,50
0376,Metagross,,"['Steel', 'Psychic']",Iron Leg Pokémon,1.6 m (5′03″),550.0 kg (1212.5 lbs),600,80,135,130,95,90,70
0376,Metagross,Mega Metagross,"['Steel', 'Psychic']",Iron Leg Pokémon,1.6 m (5′03″),550.0 kg (1212.5 lbs),700,80,145,150,105,110,110
0377,Regirock,,['Rock'],Rock Peak Pokémon,1.7 m (5′07″),230.0 kg (507.1 lbs),580,80,100,200,50,100,50
0378,Regice,,['Ice'],Iceberg Pokémon,1.8 m (5′11″),175.0 kg (385.8 lbs),580,80,50,100,100,200,50
0379,Registeel,,['Steel'],Iron Pokémon,1.9 m (6′03″),205.0 kg (451.9 lbs),580,80,75,150,75,150,50
0380,Latias,,"['Dragon', 'Psychic']",Eon Pokémon,1.4 m (4′07″),40.0 kg (88.2 lbs),600,80,80,90,110,130,110
0380,Latias,Mega Latias,"['Dragon', 'Psychic']",Eon Pokémon,1.4 m (4′07″),40.0 kg (88.2 lbs),700,80,100,120,140,150,110
0381,Latios,,"['Dragon', 'Psychic']",Eon Pokémon,2.0 m (6′07″),60.0 kg (132.3 lbs),600,80,90,80,130,110,110
0381,Latios,Mega Latios,"['Dragon', 'Psychic']",Eon Pokémon,2.0 m (6′07″),60.0 kg (132.3 lbs),700,80,130,100,160,120,110
0382,Kyogre,,['Water'],Sea Basin Pokémon,4.5 m (14′09″),352.0 kg (776.0 lbs),670,100,100,90,150,140,90
0382,Kyogre,Primal Kyogre,['Water'],Sea Basin Pokémon,4.5 m (14′09″),352.0 kg (776.0 lbs),770,100,150,90,180,160,90
0383,Groudon,,['Ground'],Continent Pokémon,3.5 m (11′06″),950.0 kg (2094.4 lbs),670,100,150,140,100,90,90
0383,Groudon,Primal Groudon,"['Ground', 'Fire']",Continent Pokémon,3.5 m (11′06″),950.0 kg (2094.4 lbs),770,100,180,160,150,90,90
0384,Rayquaza,,"['Dragon', 'Flying']",Sky High Pokémon,7.0 m (23′00″),206.5 kg (455.3 lbs),680,105,150,90,150,90,95
0384,Rayquaza,Mega Rayquaza,"['Dragon', 'Flying']",Sky High Pokémon,7.0 m (23′00″),206.5 kg (455.3 lbs),780,105,180,100,180,100,115
0385,Jirachi,,"['Steel', 'Psychic']",Wish Pokémon,0.3 m (1′00″),1.1 kg (2.4 lbs),600,100,100,100,100,100,100
0386,Deoxys,Normal Forme,['Psychic'],DNA Pokémon,1.7 m (5′07″),60.8 kg (134.0 lbs),600,50,150,50,150,50,150
0386,Deoxys,Attack Forme,['Psychic'],DNA Pokémon,1.7 m (5′07″),60.8 kg (134.0 lbs),600,50,180,20,180,20,150
0386,Deoxys,Defense Forme,['Psychic'],DNA Pokémon,1.7 m (5′07″),60.8 kg (134.0 lbs),600,50,70,160,70,160,90
0386,Deoxys,Speed Forme,['Psychic'],DNA Pokémon,1.7 m (5′07″),60.8 kg (134.0 lbs),600,50,95,90,95,90,180
0387,Turtwig,,['Grass'],Tiny Leaf Pokémon,0.4 m (1′04″),10.2 kg (22.5 lbs),318,55,68,64,45,55,31
0388,Grotle,,['Grass'],Grove Pokémon,1.1 m (3′07″),97.0 kg (213.8 lbs),405,75,89,85,55,65,36
0389,Torterra,,"['Grass', 'Ground']",Continent Pokémon,2.2 m (7′03″),310.0 kg (683.4 lbs),525,95,109,105,75,85,56
0390,Chimchar,,['Fire'],Chimp Pokémon,0.5 m (1′08″),6.2 kg (13.7 lbs),309,44,58,44,58,44,61
0391,Monferno,,"['Fire', 'Fighting']",Playful Pokémon,0.9 m (2′11″),22.0 kg (48.5 lbs),405,64,78,52,78,52,81
0392,Infernape,,"['Fire', 'Fighting']",Flame Pokémon,1.2 m (3′11″),55.0 kg (121.3 lbs),534,76,104,71,104,71,108
0393,Piplup,,['Water'],Penguin Pokémon,0.4 m (1′04″),5.2 kg (11.5 lbs),314,53,51,53,61,56,40
0394,Prinplup,,['Water'],Penguin Pokémon,0.8 m (2′07″),23.0 kg (50.7 lbs),405,64,66,68,81,76,50
0395,Empoleon,,"['Water', 'Steel']",Emperor Pokémon,1.7 m (5′07″),84.5 kg (186.3 lbs),530,84,86,88,111,101,60
0396,Starly,,"['Normal', 'Flying']",Starling Pokémon,0.3 m (1′00″),2.0 kg (4.4 lbs),245,40,55,30,30,30,60
0397,Staravia,,"['Normal', 'Flying']",Starling Pokémon,0.6 m (2′00″),15.5 kg (34.2 lbs),340,55,75,50,40,40,80
0398,Staraptor,,"['Normal', 'Flying']",Predator Pokémon,1.2 m (3′11″),24.9 kg (54.9 lbs),485,85,120,70,50,60,100
0399,Bidoof,,['Normal'],Plump Mouse Pokémon,0.5 m (1′08″),20.0 kg (44.1 lbs),250,59,45,40,35,40,31
0400,Bibarel,,"['Normal', 'Water']",Beaver Pokémon,1.0 m (3′03″),31.5 kg (69.4 lbs),410,79,85,60,55,60,71
0401,Kricketot,,['Bug'],Cricket Pokémon,0.3 m (1′00″),2.2 kg (4.9 lbs),194,37,25,41,25,41,25
0402,Kricketune,,['Bug'],Cricket Pokémon,1.0 m (3′03″),25.5 kg (56.2 lbs),384,77,85,51,55,51,65
0403,Shinx,,['Electric'],Flash Pokémon,0.5 m (1′08″),9.5 kg (20.9 lbs),263,45,65,34,40,34,45
0404,Luxio,,['Electric'],Spark Pokémon,0.9 m (2′11″),30.5 kg (67.2 lbs),363,60,85,49,60,49,60
0405,Luxray,,['Electric'],Gleam Eyes Pokémon,1.4 m (4′07″),42.0 kg (92.6 lbs),523,80,120,79,95,79,70
0406,Budew,,"['Grass', 'Poison']",Bud Pokémon,0.2 m (0′08″),1.2 kg (2.6 lbs),280,40,30,35,50,70,55
0407,Roserade,,"['Grass', 'Poison']",Bouquet Pokémon,0.9 m (2′11″),14.5 kg (32.0 lbs),515,60,70,65,125,105,90
0408,Cranidos,,['Rock'],Head Butt Pokémon,0.9 m (2′11″),31.5 kg (69.4 lbs),350,67,125,40,30,30,58
0409,Rampardos,,['Rock'],Head Butt Pokémon,1.6 m (5′03″),102.5 kg (226.0 lbs),495,97,165,60,65,50,58
0410,Shieldon,,"['Rock', 'Steel']",Shield Pokémon,0.5 m (1′08″),57.0 kg (125.7 lbs),350,30,42,118,42,88,30
0411,Bastiodon,,"['Rock', 'Steel']",Shield Pokémon,1.3 m (4′03″),149.5 kg (329.6 lbs),495,60,52,168,47,138,30
0412,Burmy,Plant Cloak,['Bug'],Bagworm Pokémon,0.2 m (0′08″),3.4 kg (7.5 lbs),224,40,29,45,29,45,36
0412,Burmy,Sandy Cloak,['Bug'],Bagworm Pokémon,0.2 m (0′08″),3.4 kg (7.5 lbs),224,40,29,45,29,45,36
0412,Burmy,Trash Cloak,['Bug'],Bagworm Pokémon,0.2 m (0′08″),3.4 kg (7.5 lbs),224,40,29,45,29,45,36
0413,Wormadam,Plant Cloak,"['Bug', 'Grass']",Bagworm Pokémon,0.5 m (1′08″),6.5 kg (14.3 lbs),424,60,59,85,79,105,36
0413,Wormadam,Sandy Cloak,"['Bug', 'Ground']",Bagworm Pokémon,0.5 m (1′08″),6.5 kg (14.3 lbs),424,60,79,105,59,85,36
0413,Wormadam,Trash Cloak,"['Bug', 'Steel']",Bagworm Pokémon,0.5 m (1′08″),6.5 kg (14.3 lbs),424,60,69,95,69,95,36
0414,Mothim,,"['Bug', 'Flying']",Moth Pokémon,0.9 m (2′11″),23.3 kg (51.4 lbs),424,70,94,50,94,50,66
0415,Combee,,"['Bug', 'Flying']",Tiny Bee Pokémon,0.3 m (1′00″),5.5 kg (12.1 lbs),244,30,30,42,30,42,70
0416,Vespiquen,,"['Bug', 'Flying']",Beehive Pokémon,1.2 m (3′11″),38.5 kg (84.9 lbs),474,70,80,102,80,102,40
0417,Pachirisu,,['Electric'],EleSquirrel Pokémon,0.4 m (1′04″),3.9 kg (8.6 lbs),405,60,45,70,45,90,95
0418,Buizel,,['Water'],Sea Weasel Pokémon,0.7 m (2′04″),29.5 kg (65.0 lbs),330,55,65,35,60,30,85
0419,Floatzel,,['Water'],Sea Weasel Pokémon,1.1 m (3′07″),33.5 kg (73.9 lbs),495,85,105,55,85,50,115
0420,Cherubi,,['Grass'],Cherry Pokémon,0.4 m (1′04″),3.3 kg (7.3 lbs),275,45,35,45,62,53,35
0421,Cherrim,,['Grass'],Blossom Pokémon,0.5 m (1′08″),9.3 kg (20.5 lbs),450,70,60,70,87,78,85
0422,Shellos,,['Water'],Sea Slug Pokémon,0.3 m (1′00″),6.3 kg (13.9 lbs),325,76,48,48,57,62,34
0423,Gastrodon,,"['Water', 'Ground']",Sea Slug Pokémon,0.9 m (2′11″),29.9 kg (65.9 lbs),475,111,83,68,92,82,39
0424,Ambipom,,['Normal'],Long Tail Pokémon,1.2 m (3′11″),20.3 kg (44.8 lbs),482,75,100,66,60,66,115
0425,Drifloon,,"['Ghost', 'Flying']",Balloon Pokémon,0.4 m (1′04″),1.2 kg (2.6 lbs),348,90,50,34,60,44,70
0426,Drifblim,,"['Ghost', 'Flying']",Blimp Pokémon,1.2 m (3′11″),15.0 kg (33.1 lbs),498,150,80,44,90,54,80
0427,Buneary,,['Normal'],Rabbit Pokémon,0.4 m (1′04″),5.5 kg (12.1 lbs),350,55,66,44,44,56,85
0428,Lopunny,,['Normal'],Rabbit Pokémon,1.2 m (3′11″),33.3 kg (73.4 lbs),480,65,76,84,54,96,105
0428,Lopunny,Mega Lopunny,"['Normal', 'Fighting']",Rabbit Pokémon,1.2 m (3′11″),33.3 kg (73.4 lbs),580,65,136,94,54,96,135
0429,Mismagius,,['Ghost'],Magical Pokémon,0.9 m (2′11″),4.4 kg (9.7 lbs),495,60,60,60,105,105,105
0430,Honchkrow,,"['Dark', 'Flying']",Big Boss Pokémon,0.9 m (2′11″),27.3 kg (60.2 lbs),505,100,125,52,105,52,71
0431,Glameow,,['Normal'],Catty Pokémon,0.5 m (1′08″),3.9 kg (8.6 lbs),310,49,55,42,42,37,85
0432,Purugly,,['Normal'],Tiger Cat Pokémon,1.0 m (3′03″),43.8 kg (96.6 lbs),452,71,82,64,64,59,112
0433,Chingling,,['Psychic'],Bell Pokémon,0.2 m (0′08″),0.6 kg (1.3 lbs),285,45,30,50,65,50,45
0434,Stunky,,"['Poison', 'Dark']",Skunk Pokémon,0.4 m (1′04″),19.2 kg (42.3 lbs),329,63,63,47,41,41,74
0435,Skuntank,,"['Poison', 'Dark']",Skunk Pokémon,1.0 m (3′03″),38.0 kg (83.8 lbs),479,103,93,67,71,61,84
0436,Bronzor,,"['Steel', 'Psychic']",Bronze Pokémon,0.5 m (1′08″),60.5 kg (133.4 lbs),300,57,24,86,24,86,23
0437,Bronzong,,"['Steel', 'Psychic']",Bronze Bell Pokémon,1.3 m (4′03″),187.0 kg (412.3 lbs),500,67,89,116,79,116,33
0438,Bonsly,,['Rock'],Bonsai Pokémon,0.5 m (1′08″),15.0 kg (33.1 lbs),290,50,80,95,10,45,10
0439,Mime Jr.,,"['Psychic', 'Fairy']",Mime Pokémon,0.6 m (2′00″),13.0 kg (28.7 lbs),310,20,25,45,70,90,60
0440,Happiny,,['Normal'],Playhouse Pokémon,0.6 m (2′00″),24.4 kg (53.8 lbs),220,100,5,5,15,65,30
0441,Chatot,,"['Normal', 'Flying']",Music Note Pokémon,0.5 m (1′08″),1.9 kg (4.2 lbs),411,76,65,45,92,42,91
0442,Spiritomb,,"['Ghost', 'Dark']",Forbidden Pokémon,1.0 m (3′03″),108.0 kg (238.1 lbs),485,50,92,108,92,108,35
0443,Gible,,"['Dragon', 'Ground']",Land Shark Pokémon,0.7 m (2′04″),20.5 kg (45.2 lbs),300,58,70,45,40,45,42
0444,Gabite,,"['Dragon', 'Ground']",Cave Pokémon,1.4 m (4′07″),56.0 kg (123.5 lbs),410,68,90,65,50,55,82
0445,Garchomp,,"['Dragon', 'Ground']",Mach Pokémon,1.9 m (6′03″),95.0 kg (209.4 lbs),600,108,130,95,80,85,102
0445,Garchomp,Mega Garchomp,"['Dragon', 'Ground']",Mach Pokémon,1.9 m (6′03″),95.0 kg (209.4 lbs),700,108,170,115,120,95,92
0446,Munchlax,,['Normal'],Big Eater Pokémon,0.6 m (2′00″),105.0 kg (231.5 lbs),390,135,85,40,40,85,5
0447,Riolu,,['Fighting'],Emanation Pokémon,0.7 m (2′04″),20.2 kg (44.5 lbs),285,40,70,40,35,40,60
0448,Lucario,,"['Fighting', 'Steel']",Aura Pokémon,1.2 m (3′11″),54.0 kg (119.0 lbs),525,70,110,70,115,70,90
0448,Lucario,Mega Lucario,"['Fighting', 'Steel']",Aura Pokémon,1.2 m (3′11″),54.0 kg (119.0 lbs),625,70,145,88,140,70,112
0449,Hippopotas,,['Ground'],Hippo Pokémon,0.8 m (2′07″),49.5 kg (109.1 lbs),330,68,72,78,38,42,32
0450,Hippowdon,,['Ground'],Heavyweight Pokémon,2.0 m (6′07″),300.0 kg (661.4 lbs),525,108,112,118,68,72,47
0451,Skorupi,,"['Poison', 'Bug']",Scorpion Pokémon,0.8 m (2′07″),12.0 kg (26.5 lbs),330,40,50,90,30,55,65
0452,Drapion,,"['Poison', 'Dark']",Ogre Scorp Pokémon,1.3 m (4′03″),61.5 kg (135.6 lbs),500,70,90,110,60,75,95
0453,Croagunk,,"['Poison', 'Fighting']",Toxic Mouth Pokémon,0.7 m (2′04″),23.0 kg (50.7 lbs),300,48,61,40,61,40,50
0454,Toxicroak,,"['Poison', 'Fighting']",Toxic Mouth Pokémon,1.3 m (4′03″),44.4 kg (97.9 lbs),490,83,106,65,86,65,85
0455,Carnivine,,['Grass'],Bug Catcher Pokémon,1.4 m (4′07″),27.0 kg (59.5 lbs),454,74,100,72,90,72,46
0456,Finneon,,['Water'],Wing Fish Pokémon,0.4 m (1′04″),7.0 kg (15.4 lbs),330,49,49,56,49,61,66
0457,Lumineon,,['Water'],Neon Pokémon,1.2 m (3′11″),24.0 kg (52.9 lbs),460,69,69,76,69,86,91
0458,Mantyke,,"['Water', 'Flying']",Kite Pokémon,1.0 m (3′03″),65.0 kg (143.3 lbs),345,45,20,50,60,120,50
0459,Snover,,"['Grass', 'Ice']",Frost Tree Pokémon,1.0 m (3′03″),50.5 kg (111.3 lbs),334,60,62,50,62,60,40
0460,Abomasnow,,"['Grass', 'Ice']",Frost Tree Pokémon,2.2 m (7′03″),135.5 kg (298.7 lbs),494,90,92,75,92,85,60
0460,Abomasnow,Mega Abomasnow,"['Grass', 'Ice']",Frost Tree Pokémon,2.2 m (7′03″),135.5 kg (298.7 lbs),594,90,132,105,132,105,30
0461,Weavile,,"['Dark', 'Ice']",Sharp Claw Pokémon,1.1 m (3′07″),34.0 kg (75.0 lbs),510,70,120,65,45,85,125
0462,Magnezone,,"['Electric', 'Steel']",Magnet Area Pokémon,1.2 m (3′11″),180.0 kg (396.8 lbs),535,70,70,115,130,90,60
0463,Lickilicky,,['Normal'],Licking Pokémon,1.7 m (5′07″),140.0 kg (308.6 lbs),515,110,85,95,80,95,50
0464,Rhyperior,,"['Ground', 'Rock']",Drill Pokémon,2.4 m (7′10″),282.8 kg (623.5 lbs),535,115,140,130,55,55,40
0465,Tangrowth,,['Grass'],Vine Pokémon,2.0 m (6′07″),128.6 kg (283.5 lbs),535,100,100,125,110,50,50
0466,Electivire,,['Electric'],Thunderbolt Pokémon,1.8 m (5′11″),138.6 kg (305.6 lbs),540,75,123,67,95,85,95
0467,Magmortar,,['Fire'],Blast Pokémon,1.6 m (5′03″),68.0 kg (149.9 lbs),540,75,95,67,125,95,83
0468,Togekiss,,"['Fairy', 'Flying']",Jubilee Pokémon,1.5 m (4′11″),38.0 kg (83.8 lbs),545,85,50,95,120,115,80
0469,Yanmega,,"['Bug', 'Flying']",Ogre Darner Pokémon,1.9 m (6′03″),51.5 kg (113.5 lbs),515,86,76,86,116,56,95
0470,Leafeon,,['Grass'],Verdant Pokémon,1.0 m (3′03″),25.5 kg (56.2 lbs),525,65,110,130,60,65,95
0471,Glaceon,,['Ice'],Fresh Snow Pokémon,0.8 m (2′07″),25.9 kg (57.1 lbs),525,65,60,110,130,95,65
0472,Gliscor,,"['Ground', 'Flying']",Fang Scorp Pokémon,2.0 m (6′07″),42.5 kg (93.7 lbs),510,75,95,125,45,75,95
0473,Mamoswine,,"['Ice', 'Ground']",Twin Tusk Pokémon,2.5 m (8′02″),291.0 kg (641.5 lbs),530,110,130,80,70,60,80
0474,Porygon-Z,,['Normal'],Virtual Pokémon,0.9 m (2′11″),34.0 kg (75.0 lbs),535,85,80,70,135,75,90
0475,Gallade,,"['Psychic', 'Fighting']",Blade Pokémon,1.6 m (5′03″),52.0 kg (114.6 lbs),518,68,125,65,65,115,80
0475,Gallade,Mega Gallade,"['Psychic', 'Fighting']",Blade Pokémon,1.6 m (5′03″),52.0 kg (114.6 lbs),618,68,165,95,65,115,110
0476,Probopass,,"['Rock', 'Steel']",Compass Pokémon,1.4 m (4′07″),340.0 kg (749.6 lbs),525,60,55,145,75,150,40
0477,Dusknoir,,['Ghost'],Gripper Pokémon,2.2 m (7′03″),106.6 kg (235.0 lbs),525,45,100,135,65,135,45
0478,Froslass,,"['Ice', 'Ghost']",Snow Land Pokémon,1.3 m (4′03″),26.6 kg (58.6 lbs),480,70,80,70,80,70,110
0479,Rotom,,"['Electric', 'Ghost']",Plasma Pokémon,0.3 m (1′00″),0.3 kg (0.7 lbs),440,50,50,77,95,77,91
0479,Rotom,Heat Rotom,"['Electric', 'Fire']",Plasma Pokémon,0.3 m (1′00″),0.3 kg (0.7 lbs),520,50,65,107,105,107,86
0479,Rotom,Wash Rotom,"['Electric', 'Water']",Plasma Pokémon,0.3 m (1′00″),0.3 kg (0.7 lbs),520,50,65,107,105,107,86
0479,Rotom,Frost Rotom,"['Electric', 'Ice']",Plasma Pokémon,0.3 m (1′00″),0.3 kg (0.7 lbs),520,50,65,107,105,107,86
0479,Rotom,Fan Rotom,"['Electric', 'Flying']",Plasma Pokémon,0.3 m (1′00″),0.3 kg (0.7 lbs),520,50,65,107,105,107,86
0479,Rotom,Mow Rotom,"['Electric', 'Grass']",Plasma Pokémon,0.3 m (1′00″),0.3 kg (0.7 lbs),520,50,65,107,105,107,86
0480,Uxie,,['Psychic'],Knowledge Pokémon,0.3 m (1′00″),0.3 kg (0.7 lbs),580,75,75,130,75,130,95
0481,Mesprit,,['Psychic'],Emotion Pokémon,0.3 m (1′00″),0.3 kg (0.7 lbs),580,80,105,105,105,105,80
0482,Azelf,,['Psychic'],Willpower Pokémon,0.3 m (1′00″),0.3 kg (0.7 lbs),580,75,125,70,125,70,115
0483,Dialga,,"['Steel', 'Dragon']",Temporal Pokémon,5.4 m (17′09″),683.0 kg (1505.8 lbs),680,100,120,120,150,100,90
0483,Dialga,Origin Forme,"['Steel', 'Dragon']",Temporal Pokémon,5.4 m (17′09″),683.0 kg (1505.8 lbs),680,100,100,120,150,120,90
0484,Palkia,,"['Water', 'Dragon']",Spatial Pokémon,4.2 m (13′09″),336.0 kg (740.8 lbs),680,90,120,100,150,120,100
0484,Palkia,Origin Forme,"['Water', 'Dragon']",Spatial Pokémon,4.2 m (13′09″),336.0 kg (740.8 lbs),680,90,100,100,150,120,120
0485,Heatran,,"['Fire', 'Steel']",Lava Dome Pokémon,1.7 m (5′07″),430.0 kg (948.0 lbs),600,91,90,106,130,106,77
0486,Regigigas,,['Normal'],Colossal Pokémon,3.7 m (12′02″),420.0 kg (925.9 lbs),670,110,160,110,80,110,100
0487,Giratina,Altered Forme,"['Ghost', 'Dragon']",Renegade Pokémon,4.5 m (14′09″),750.0 kg (1653.5 lbs),680,150,100,120,100,120,90
0487,Giratina,Origin Forme,"['Ghost', 'Dragon']",Renegade Pokémon,4.5 m (14′09″),750.0 kg (1653.5 lbs),680,150,120,100,120,100,90
0488,Cresselia,,['Psychic'],Lunar Pokémon,1.5 m (4′11″),85.6 kg (188.7 lbs),580,120,70,110,75,120,85
0489,Phione,,['Water'],Sea Drifter Pokémon,0.4 m (1′04″),3.1 kg (6.8 lbs),480,80,80,80,80,80,80
0490,Manaphy,,['Water'],Seafaring Pokémon,0.3 m (1′00″),1.4 kg (3.1 lbs),600,100,100,100,100,100,100
0491,Darkrai,,['Dark'],Pitch-Black Pokémon,1.5 m (4′11″),50.5 kg (111.3 lbs),600,70,90,90,135,90,125
0492,Shaymin,Land Forme,['Grass'],Gratitude Pokémon,0.2 m (0′08″),2.1 kg (4.6 lbs),600,100,100,100,100,100,100
0492,Shaymin,Sky Forme,"['Grass', 'Flying']",Gratitude Pokémon,0.2 m (0′08″),2.1 kg (4.6 lbs),600,100,103,75,120,75,127
0493,Arceus,,['Normal'],Alpha Pokémon,3.2 m (10′06″),320.0 kg (705.5 lbs),720,120,120,120,120,120,120
0494,Victini,,"['Psychic', 'Fire']",Victory Pokémon,0.4 m (1′04″),4.0 kg (8.8 lbs),600,100,100,100,100,100,100
0495,Snivy,,['Grass'],Grass Snake Pokémon,0.6 m (2′00″),8.1 kg (17.9 lbs),308,45,45,55,45,55,63
0496,Servine,,['Grass'],Grass Snake Pokémon,0.8 m (2′07″),16.0 kg (35.3 lbs),413,60,60,75,60,75,83
0497,Serperior,,['Grass'],Regal Pokémon,3.3 m (10′10″),63.0 kg (138.9 lbs),528,75,75,95,75,95,113
0498,Tepig,,['Fire'],Fire Pig Pokémon,0.5 m (1′08″),9.9 kg (21.8 lbs),308,65,63,45,45,45,45
0499,Pignite,,"['Fire', 'Fighting']",Fire Pig Pokémon,1.0 m (3′03″),55.5 kg (122.4 lbs),418,90,93,55,70,55,55
0500,Emboar,,"['Fire', 'Fighting']",Mega Fire Pig Pokémon,1.6 m (5′03″),150.0 kg (330.7 lbs),528,110,123,65,100,65,65
0501,Oshawott,,['Water'],Sea Otter Pokémon,0.5 m (1′08″),5.9 kg (13.0 lbs),308,55,55,45,63,45,45
0502,Dewott,,['Water'],Discipline Pokémon,0.8 m (2′07″),24.5 kg (54.0 lbs),413,75,75,60,83,60,60
0503,Samurott,,['Water'],Formidable Pokémon,1.5 m (4′11″),94.6 kg (208.6 lbs),528,95,100,85,108,70,70
0503,Samurott,Hisuian Samurott,"['Water', 'Dark']",Formidable Pokémon,1.5 m (4′11″),94.6 kg (208.6 lbs),528,90,108,80,100,65,85
0504,Patrat,,['Normal'],Scout Pokémon,0.5 m (1′08″),11.6 kg (25.6 lbs),255,45,55,39,35,39,42
0505,Watchog,,['Normal'],Lookout Pokémon,1.1 m (3′07″),27.0 kg (59.5 lbs),420,60,85,69,60,69,77
0506,Lillipup,,['Normal'],Puppy Pokémon,0.4 m (1′04″),4.1 kg (9.0 lbs),275,45,60,45,25,45,55
0507,Herdier,,['Normal'],Loyal Dog Pokémon,0.9 m (2′11″),14.7 kg (32.4 lbs),370,65,80,65,35,65,60
0508,Stoutland,,['Normal'],Big-Hearted Pokémon,1.2 m (3′11″),61.0 kg (134.5 lbs),500,85,110,90,45,90,80
0509,Purrloin,,['Dark'],Devious Pokémon,0.4 m (1′04″),10.1 kg (22.3 lbs),281,41,50,37,50,37,66
0510,Liepard,,['Dark'],Cruel Pokémon,1.1 m (3′07″),37.5 kg (82.7 lbs),446,64,88,50,88,50,106
0511,Pansage,,['Grass'],Grass Monkey Pokémon,0.6 m (2′00″),10.5 kg (23.1 lbs),316,50,53,48,53,48,64
0512,Simisage,,['Grass'],Thorn Monkey Pokémon,1.1 m (3′07″),30.5 kg (67.2 lbs),498,75,98,63,98,63,101
0513,Pansear,,['Fire'],High Temp Pokémon,0.6 m (2′00″),11.0 kg (24.3 lbs),316,50,53,48,53,48,64
0514,Simisear,,['Fire'],Ember Pokémon,1.0 m (3′03″),28.0 kg (61.7 lbs),498,75,98,63,98,63,101
0515,Panpour,,['Water'],Spray Pokémon,0.6 m (2′00″),13.5 kg (29.8 lbs),316,50,53,48,53,48,64
0516,Simipour,,['Water'],Geyser Pokémon,1.0 m (3′03″),29.0 kg (63.9 lbs),498,75,98,63,98,63,101
0517,Munna,,['Psychic'],Dream Eater Pokémon,0.6 m (2′00″),23.3 kg (51.4 lbs),292,76,25,45,67,55,24
0518,Musharna,,['Psychic'],Drowsing Pokémon,1.1 m (3′07″),60.5 kg (133.4 lbs),487,116,55,85,107,95,29
0519,Pidove,,"['Normal', 'Flying']",Tiny Pigeon Pokémon,0.3 m (1′00″),2.1 kg (4.6 lbs),264,50,55,50,36,30,43
0520,Tranquill,,"['Normal', 'Flying']",Wild Pigeon Pokémon,0.6 m (2′00″),15.0 kg (33.1 lbs),358,62,77,62,50,42,65
0521,Unfezant,,"['Normal', 'Flying']",Proud Pokémon,1.2 m (3′11″),29.0 kg (63.9 lbs),488,80,115,80,65,55,93
0522,Blitzle,,['Electric'],Electrified Pokémon,0.8 m (2′07″),29.8 kg (65.7 lbs),295,45,60,32,50,32,76
0523,Zebstrika,,['Electric'],Thunderbolt Pokémon,1.6 m (5′03″),79.5 kg (175.3 lbs),497,75,100,63,80,63,116
0524,Roggenrola,,['Rock'],Mantle Pokémon,0.4 m (1′04″),18.0 kg (39.7 lbs),280,55,75,85,25,25,15
0525,Boldore,,['Rock'],Ore Pokémon,0.9 m (2′11″),102.0 kg (224.9 lbs),390,70,105,105,50,40,20
0526,Gigalith,,['Rock'],Compressed Pokémon,1.7 m (5′07″),260.0 kg (573.2 lbs),515,85,135,130,60,80,25
0527,Woobat,,"['Psychic', 'Flying']",Bat Pokémon,0.4 m (1′04″),2.1 kg (4.6 lbs),323,65,45,43,55,43,72
0528,Swoobat,,"['Psychic', 'Flying']",Courting Pokémon,0.9 m (2′11″),10.5 kg (23.1 lbs),425,67,57,55,77,55,114
0529,Drilbur,,['Ground'],Mole Pokémon,0.3 m (1′00″),8.5 kg (18.7 lbs),328,60,85,40,30,45,68
0530,Excadrill,,"['Ground', 'Steel']",Subterrene Pokémon,0.7 m (2′04″),40.4 kg (89.1 lbs),508,110,135,60,50,65,88
0531,Audino,,['Normal'],Hearing Pokémon,1.1 m (3′07″),31.0 kg (68.3 lbs),445,103,60,86,60,86,50
0531,Audino,Mega Audino,"['Normal', 'Fairy']",Hearing Pokémon,1.1 m (3′07″),31.0 kg (68.3 lbs),545,103,60,126,80,126,50
0532,Timburr,,['Fighting'],Muscular Pokémon,0.6 m (2′00″),12.5 kg (27.6 lbs),305,75,80,55,25,35,35
0533,Gurdurr,,['Fighting'],Muscular Pokémon,1.2 m (3′11″),40.0 kg (88.2 lbs),405,85,105,85,40,50,40
0534,Conkeldurr,,['Fighting'],Muscular Pokémon,1.4 m (4′07″),87.0 kg (191.8 lbs),505,105,140,95,55,65,45
0535,Tympole,,['Water'],Tadpole Pokémon,0.5 m (1′08″),4.5 kg (9.9 lbs),294,50,50,40,50,40,64
0536,Palpitoad,,"['Water', 'Ground']",Vibration Pokémon,0.8 m (2′07″),17.0 kg (37.5 lbs),384,75,65,55,65,55,69
0537,Seismitoad,,"['Water', 'Ground']",Vibration Pokémon,1.5 m (4′11″),62.0 kg (136.7 lbs),509,105,95,75,85,75,74
0538,Throh,,['Fighting'],Judo Pokémon,1.3 m (4′03″),55.5 kg (122.4 lbs),465,120,100,85,30,85,45
0539,Sawk,,['Fighting'],Karate Pokémon,1.4 m (4′07″),51.0 kg (112.4 lbs),465,75,125,75,30,75,85
0540,Sewaddle,,"['Bug', 'Grass']",Sewing Pokémon,0.3 m (1′00″),2.5 kg (5.5 lbs),310,45,53,70,40,60,42
0541,Swadloon,,"['Bug', 'Grass']",Leaf-Wrapped Pokémon,0.5 m (1′08″),7.3 kg (16.1 lbs),380,55,63,90,50,80,42
0542,Leavanny,,"['Bug', 'Grass']",Nurturing Pokémon,1.2 m (3′11″),20.5 kg (45.2 lbs),500,75,103,80,70,80,92
0543,Venipede,,"['Bug', 'Poison']",Centipede Pokémon,0.4 m (1′04″),5.3 kg (11.7 lbs),260,30,45,59,30,39,57
0544,Whirlipede,,"['Bug', 'Poison']",Curlipede Pokémon,1.2 m (3′11″),58.5 kg (129.0 lbs),360,40,55,99,40,79,47
0545,Scolipede,,"['Bug', 'Poison']",Megapede Pokémon,2.5 m (8′02″),200.5 kg (442.0 lbs),485,60,100,89,55,69,112
0546,Cottonee,,"['Grass', 'Fairy']",Cotton Puff Pokémon,0.3 m (1′00″),0.6 kg (1.3 lbs),280,40,27,60,37,50,66
0547,Whimsicott,,"['Grass', 'Fairy']",Windveiled Pokémon,0.7 m (2′04″),6.6 kg (14.6 lbs),480,60,67,85,77,75,116
0548,Petilil,,['Grass'],Bulb Pokémon,0.5 m (1′08″),6.6 kg (14.6 lbs),280,45,35,50,70,50,30
0549,Lilligant,,['Grass'],Flowering Pokémon,1.1 m (3′07″),16.3 kg (35.9 lbs),480,70,60,75,110,75,90
0549,Lilligant,Hisuian Lilligant,"['Grass', 'Fighting']",Flowering Pokémon,1.1 m (3′07″),16.3 kg (35.9 lbs),480,70,105,75,50,75,105
0550,Basculin,Red-Striped Form,['Water'],Hostile Pokémon,1.0 m (3′03″),18.0 kg (39.7 lbs),460,70,92,65,80,55,98
0550,Basculin,Blue-Striped Form,['Water'],Hostile Pokémon,1.0 m (3′03″),18.0 kg (39.7 lbs),460,70,92,65,80,55,98
0550,Basculin,White-Striped Form,['Water'],Hostile Pokémon,1.0 m (3′03″),18.0 kg (39.7 lbs),460,70,92,65,80,55,98
0551,Sandile,,"['Ground', 'Dark']",Desert Croc Pokémon,0.7 m (2′04″),15.2 kg (33.5 lbs),292,50,72,35,35,35,65
0552,Krokorok,,"['Ground', 'Dark']",Desert Croc Pokémon,1.0 m (3′03″),33.4 kg (73.6 lbs),351,60,82,45,45,45,74
0553,Krookodile,,"['Ground', 'Dark']",Intimidation Pokémon,1.5 m (4′11″),96.3 kg (212.3 lbs),519,95,117,80,65,70,92
0554,Darumaka,,['Fire'],Zen Charm Pokémon,0.6 m (2′00″),37.5 kg (82.7 lbs),315,70,90,45,15,45,50
0554,Darumaka,Galarian Darumaka,['Ice'],Zen Charm Pokémon,0.6 m (2′00″),37.5 kg (82.7 lbs),315,70,90,45,15,45,50
0555,Darmanitan,Standard Mode,['Fire'],Blazing Pokémon,1.3 m (4′03″),92.9 kg (204.8 lbs),480,105,140,55,30,55,95
0555,Darmanitan,Zen Mode,"['Fire', 'Psychic']",Blazing Pokémon,1.3 m (4′03″),92.9 kg (204.8 lbs),540,105,30,105,140,105,55
0555,Darmanitan,Galarian Standard Mode,['Ice'],Blazing Pokémon,1.3 m (4′03″),92.9 kg (204.8 lbs),480,105,140,55,30,55,95
0555,Darmanitan,Galarian Zen Mode,"['Ice', 'Fire']",Blazing Pokémon,1.3 m (4′03″),92.9 kg (204.8 lbs),540,105,160,55,30,55,135
0556,Maractus,,['Grass'],Cactus Pokémon,1.0 m (3′03″),28.0 kg (61.7 lbs),461,75,86,67,106,67,60
0557,Dwebble,,"['Bug', 'Rock']",Rock Inn Pokémon,0.3 m (1′00″),14.5 kg (32.0 lbs),325,50,65,85,35,35,55
0558,Crustle,,"['Bug', 'Rock']",Stone Home Pokémon,1.4 m (4′07″),200.0 kg (440.9 lbs),485,70,105,125,65,75,45
0559,Scraggy,,"['Dark', 'Fighting']",Shedding Pokémon,0.6 m (2′00″),11.8 kg (26.0 lbs),348,50,75,70,35,70,48
0560,Scrafty,,"['Dark', 'Fighting']",Hoodlum Pokémon,1.1 m (3′07″),30.0 kg (66.1 lbs),488,65,90,115,45,115,58
0561,Sigilyph,,"['Psychic', 'Flying']",Avianoid Pokémon,1.4 m (4′07″),14.0 kg (30.9 lbs),490,72,58,80,103,80,97
0562,Yamask,,['Ghost'],Spirit Pokémon,0.5 m (1′08″),1.5 kg (3.3 lbs),303,38,30,85,55,65,30
0562,Yamask,Galarian Yamask,"['Ground', 'Ghost']",Spirit Pokémon,0.5 m (1′08″),1.5 kg (3.3 lbs),303,38,55,85,30,65,30
0563,Cofagrigus,,['Ghost'],Coffin Pokémon,1.7 m (5′07″),76.5 kg (168.7 lbs),483,58,50,145,95,105,30
0564,Tirtouga,,"['Water', 'Rock']",Prototurtle Pokémon,0.7 m (2′04″),16.5 kg (36.4 lbs),355,54,78,103,53,45,22
0565,Carracosta,,"['Water', 'Rock']",Prototurtle Pokémon,1.2 m (3′11″),81.0 kg (178.6 lbs),495,74,108,133,83,65,32
0566,Archen,,"['Rock', 'Flying']",First Bird Pokémon,0.5 m (1′08″),9.5 kg (20.9 lbs),401,55,112,45,74,45,70
0567,Archeops,,"['Rock', 'Flying']",First Bird Pokémon,1.4 m (4′07″),32.0 kg (70.5 lbs),567,75,140,65,112,65,110
0568,Trubbish,,['Poison'],Trash Bag Pokémon,0.6 m (2′00″),31.0 kg (68.3 lbs),329,50,50,62,40,62,65
0569,Garbodor,,['Poison'],Trash Heap Pokémon,1.9 m (6′03″),107.3 kg (236.6 lbs),474,80,95,82,60,82,75
0570,Zorua,,['Dark'],Tricky Fox Pokémon,0.7 m (2′04″),12.5 kg (27.6 lbs),330,40,65,40,80,40,65
0570,Zorua,Hisuian Zorua,"['Normal', 'Ghost']",Tricky Fox Pokémon,0.7 m (2′04″),12.5 kg (27.6 lbs),330,35,60,40,85,40,70
0571,Zoroark,,['Dark'],Illusion Fox Pokémon,1.6 m (5′03″),81.1 kg (178.8 lbs),510,60,105,60,120,60,105
0571,Zoroark,Hisuian Zoroark,"['Normal', 'Ghost']",Illusion Fox Pokémon,1.6 m (5′03″),81.1 kg (178.8 lbs),510,55,100,60,125,60,110
0572,Minccino,,['Normal'],Chinchilla Pokémon,0.4 m (1′04″),5.8 kg (12.8 lbs),300,55,50,40,40,40,75
0573,Cinccino,,['Normal'],Scarf Pokémon,0.5 m (1′08″),7.5 kg (16.5 lbs),470,75,95,60,65,60,115
0574,Gothita,,['Psychic'],Fixation Pokémon,0.4 m (1′04″),5.8 kg (12.8 lbs),290,45,30,50,55,65,45
0575,Gothorita,,['Psychic'],Manipulate Pokémon,0.7 m (2′04″),18.0 kg (39.7 lbs),390,60,45,70,75,85,55
0576,Gothitelle,,['Psychic'],Astral Body Pokémon,1.5 m (4′11″),44.0 kg (97.0 lbs),490,70,55,95,95,110,65
0577,Solosis,,['Psychic'],Cell Pokémon,0.3 m (1′00″),1.0 kg (2.2 lbs),290,45,30,40,105,50,20
0578,Duosion,,['Psychic'],Mitosis Pokémon,0.6 m (2′00″),8.0 kg (17.6 lbs),370,65,40,50,125,60,30
0579,Reuniclus,,['Psychic'],Multiplying Pokémon,1.0 m (3′03″),20.1 kg (44.3 lbs),490,110,65,75,125,85,30
0580,Ducklett,,"['Water', 'Flying']",Water Bird Pokémon,0.5 m (1′08″),5.5 kg (12.1 lbs),305,62,44,50,44,50,55
0581,Swanna,,"['Water', 'Flying']",White Bird Pokémon,1.3 m (4′03″),24.2 kg (53.4 lbs),473,75,87,63,87,63,98
0582,Vanillite,,['Ice'],Fresh Snow Pokémon,0.4 m (1′04″),5.7 kg (12.6 lbs),305,36,50,50,65,60,44
0583,Vanillish,,['Ice'],Icy Snow Pokémon,1.1 m (3′07″),41.0 kg (90.4 lbs),395,51,65,65,80,75,59
0584,Vanilluxe,,['Ice'],Snowstorm Pokémon,1.3 m (4′03″),57.5 kg (126.8 lbs),535,71,95,85,110,95,79
0585,Deerling,,"['Normal', 'Grass']",Season Pokémon,0.6 m (2′00″),19.5 kg (43.0 lbs),335,60,60,50,40,50,75
0586,Sawsbuck,,"['Normal', 'Grass']",Season Pokémon,1.9 m (6′03″),92.5 kg (203.9 lbs),475,80,100,70,60,70,95
0587,Emolga,,"['Electric', 'Flying']",Sky Squirrel Pokémon,0.4 m (1′04″),5.0 kg (11.0 lbs),428,55,75,60,75,60,103
0588,Karrablast,,['Bug'],Clamping Pokémon,0.5 m (1′08″),5.9 kg (13.0 lbs),315,50,75,45,40,45,60
0589,Escavalier,,"['Bug', 'Steel']",Cavalry Pokémon,1.0 m (3′03″),33.0 kg (72.8 lbs),495,70,135,105,60,105,20
0590,Foongus,,"['Grass', 'Poison']",Mushroom Pokémon,0.2 m (0′08″),1.0 kg (2.2 lbs),294,69,55,45,55,55,15
0591,Amoonguss,,"['Grass', 'Poison']",Mushroom Pokémon,0.6 m (2′00″),10.5 kg (23.1 lbs),464,114,85,70,85,80,30
0592,Frillish,,"['Water', 'Ghost']",Floating Pokémon,1.2 m (3′11″),33.0 kg (72.8 lbs),335,55,40,50,65,85,40
0593,Jellicent,,"['Water', 'Ghost']",Floating Pokémon,2.2 m (7′03″),135.0 kg (297.6 lbs),480,100,60,70,85,105,60
0594,Alomomola,,['Water'],Caring Pokémon,1.2 m (3′11″),31.6 kg (69.7 lbs),470,165,75,80,40,45,65
0595,Joltik,,"['Bug', 'Electric']",Attaching Pokémon,0.1 m (0′04″),0.6 kg (1.3 lbs),319,50,47,50,57,50,65
0596,Galvantula,,"['Bug', 'Electric']",EleSpider Pokémon,0.8 m (2′07″),14.3 kg (31.5 lbs),472,70,77,60,97,60,108
0597,Ferroseed,,"['Grass', 'Steel']",Thorn Seed Pokémon,0.6 m (2′00″),18.8 kg (41.4 lbs),305,44,50,91,24,86,10
0598,Ferrothorn,,"['Grass', 'Steel']",Thorn Pod Pokémon,1.0 m (3′03″),110.0 kg (242.5 lbs),489,74,94,131,54,116,20
0599,Klink,,['Steel'],Gear Pokémon,0.3 m (1′00″),21.0 kg (46.3 lbs),300,40,55,70,45,60,30
0600,Klang,,['Steel'],Gear Pokémon,0.6 m (2′00″),51.0 kg (112.4 lbs),440,60,80,95,70,85,50
0601,Klinklang,,['Steel'],Gear Pokémon,0.6 m (2′00″),81.0 kg (178.6 lbs),520,60,100,115,70,85,90
0602,Tynamo,,['Electric'],EleFish Pokémon,0.2 m (0′08″),0.3 kg (0.7 lbs),275,35,55,40,45,40,60
0603,Eelektrik,,['Electric'],EleFish Pokémon,1.2 m (3′11″),22.0 kg (48.5 lbs),405,65,85,70,75,70,40
0604,Eelektross,,['Electric'],EleFish Pokémon,2.1 m (6′11″),80.5 kg (177.5 lbs),515,85,115,80,105,80,50
0605,Elgyem,,['Psychic'],Cerebral Pokémon,0.5 m (1′08″),9.0 kg (19.8 lbs),335,55,55,55,85,55,30
0606,Beheeyem,,['Psychic'],Cerebral Pokémon,1.0 m (3′03″),34.5 kg (76.1 lbs),485,75,75,75,125,95,40
0607,Litwick,,"['Ghost', 'Fire']",Candle Pokémon,0.3 m (1′00″),3.1 kg (6.8 lbs),275,50,30,55,65,55,20
0608,Lampent,,"['Ghost', 'Fire']",Lamp Pokémon,0.6 m (2′00″),13.0 kg (28.7 lbs),370,60,40,60,95,60,55
0609,Chandelure,,"['Ghost', 'Fire']",Luring Pokémon,1.0 m (3′03″),34.3 kg (75.6 lbs),520,60,55,90,145,90,80
0610,Axew,,['Dragon'],Tusk Pokémon,0.6 m (2′00″),18.0 kg (39.7 lbs),320,46,87,60,30,40,57
0611,Fraxure,,['Dragon'],Axe Jaw Pokémon,1.0 m (3′03″),36.0 kg (79.4 lbs),410,66,117,70,40,50,67
0612,Haxorus,,['Dragon'],Axe Jaw Pokémon,1.8 m (5′11″),105.5 kg (232.6 lbs),540,76,147,90,60,70,97
0613,Cubchoo,,['Ice'],Chill Pokémon,0.5 m (1′08″),8.5 kg (18.7 lbs),305,55,70,40,60,40,40
0614,Beartic,,['Ice'],Freezing Pokémon,2.6 m (8′06″),260.0 kg (573.2 lbs),505,95,130,80,70,80,50
0615,Cryogonal,,['Ice'],Crystallizing Pokémon,1.1 m (3′07″),148.0 kg (326.3 lbs),515,80,50,50,95,135,105
0616,Shelmet,,['Bug'],Snail Pokémon,0.4 m (1′04″),7.7 kg (17.0 lbs),305,50,40,85,40,65,25
0617,Accelgor,,['Bug'],Shell Out Pokémon,0.8 m (2′07″),25.3 kg (55.8 lbs),495,80,70,40,100,60,145
0618,Stunfisk,,"['Ground', 'Electric']",Trap Pokémon,0.7 m (2′04″),11.0 kg (24.3 lbs),471,109,66,84,81,99,32
0618,Stunfisk,Galarian Stunfisk,"['Ground', 'Steel']",Trap Pokémon,0.7 m (2′04″),11.0 kg (24.3 lbs),471,109,81,99,66,84,32
0619,Mienfoo,,['Fighting'],Martial Arts Pokémon,0.9 m (2′11″),20.0 kg (44.1 lbs),350,45,85,50,55,50,65
0620,Mienshao,,['Fighting'],Martial Arts Pokémon,1.4 m (4′07″),35.5 kg (78.3 lbs),510,65,125,60,95,60,105
0621,Druddigon,,['Dragon'],Cave Pokémon,1.6 m (5′03″),139.0 kg (306.4 lbs),485,77,120,90,60,90,48
0622,Golett,,"['Ground', 'Ghost']",Automaton Pokémon,1.0 m (3′03″),92.0 kg (202.8 lbs),303,59,74,50,35,50,35
0623,Golurk,,"['Ground', 'Ghost']",Automaton Pokémon,2.8 m (9′02″),330.0 kg (727.5 lbs),483,89,124,80,55,80,55
0624,Pawniard,,"['Dark', 'Steel']",Sharp Blade Pokémon,0.5 m (1′08″),10.2 kg (22.5 lbs),340,45,85,70,40,40,60
0625,Bisharp,,"['Dark', 'Steel']",Sword Blade Pokémon,1.6 m (5′03″),70.0 kg (154.3 lbs),490,65,125,100,60,70,70
0626,Bouffalant,,['Normal'],Bash Buffalo Pokémon,1.6 m (5′03″),94.6 kg (208.6 lbs),490,95,110,95,40,95,55
0627,Rufflet,,"['Normal', 'Flying']",Eaglet Pokémon,0.5 m (1′08″),10.5 kg (23.1 lbs),350,70,83,50,37,50,60
0628,Braviary,,"['Normal', 'Flying']",Valiant Pokémon,1.5 m (4′11″),41.0 kg (90.4 lbs),510,100,123,75,57,75,80
0628,Braviary,Hisuian Braviary,"['Psychic', 'Flying']",Valiant Pokémon,1.5 m (4′11″),41.0 kg (90.4 lbs),510,110,83,70,112,70,65
0629,Vullaby,,"['Dark', 'Flying']",Diapered Pokémon,0.5 m (1′08″),9.0 kg (19.8 lbs),370,70,55,75,45,65,60
0630,Mandibuzz,,"['Dark', 'Flying']",Bone Vulture Pokémon,1.2 m (3′11″),39.5 kg (87.1 lbs),510,110,65,105,55,95,80
0631,Heatmor,,['Fire'],Anteater Pokémon,1.4 m (4′07″),58.0 kg (127.9 lbs),484,85,97,66,105,66,65
0632,Durant,,"['Bug', 'Steel']",Iron Ant Pokémon,0.3 m (1′00″),33.0 kg (72.8 lbs),484,58,109,112,48,48,109
0633,Deino,,"['Dark', 'Dragon']",Irate Pokémon,0.8 m (2′07″),17.3 kg (38.1 lbs),300,52,65,50,45,50,38
0634,Zweilous,,"['Dark', 'Dragon']",Hostile Pokémon,1.4 m (4′07″),50.0 kg (110.2 lbs),420,72,85,70,65,70,58
0635,Hydreigon,,"['Dark', 'Dragon']",Brutal Pokémon,1.8 m (5′11″),160.0 kg (352.7 lbs),600,92,105,90,125,90,98
0636,Larvesta,,"['Bug', 'Fire']",Torch Pokémon,1.1 m (3′07″),28.8 kg (63.5 lbs),360,55,85,55,50,55,60
0637,Volcarona,,"['Bug', 'Fire']",Sun Pokémon,1.6 m (5′03″),46.0 kg (101.4 lbs),550,85,60,65,135,105,100
0638,Cobalion,,"['Steel', 'Fighting']",Iron Will Pokémon,2.1 m (6′11″),250.0 kg (551.2 lbs),580,91,90,129,90,72,108
0639,Terrakion,,"['Rock', 'Fighting']",Cavern Pokémon,1.9 m (6′03″),260.0 kg (573.2 lbs),580,91,129,90,72,90,108
0640,Virizion,,"['Grass', 'Fighting']",Grassland Pokémon,2.0 m (6′07″),200.0 kg (440.9 lbs),580,91,90,72,90,129,108
0641,Tornadus,Incarnate Forme,['Flying'],Cyclone Pokémon,1.5 m (4′11″),63.0 kg (138.9 lbs),580,79,115,70,125,80,111
0641,Tornadus,Therian Forme,['Flying'],Cyclone Pokémon,1.5 m (4′11″),63.0 kg (138.9 lbs),580,79,100,80,110,90,121
0642,Thundurus,Incarnate Forme,"['Electric', 'Flying']",Bolt Strike Pokémon,1.5 m (4′11″),61.0 kg (134.5 lbs),580,79,115,70,125,80,111
0642,Thundurus,Therian Forme,"['Electric', 'Flying']",Bolt Strike Pokémon,1.5 m (4′11″),61.0 kg (134.5 lbs),580,79,105,70,145,80,101
0643,Reshiram,,"['Dragon', 'Fire']",Vast White Pokémon,3.2 m (10′06″),330.0 kg (727.5 lbs),680,100,120,100,150,120,90
0644,Zekrom,,"['Dragon', 'Electric']",Deep Black Pokémon,2.9 m (9′06″),345.0 kg (760.6 lbs),680,100,150,120,120,100,90
0645,Landorus,Incarnate Forme,"['Ground', 'Flying']",Abundance Pokémon,1.5 m (4′11″),68.0 kg (149.9 lbs),600,89,125,90,115,80,101
0645,Landorus,Therian Forme,"['Ground', 'Flying']",Abundance Pokémon,1.5 m (4′11″),68.0 kg (149.9 lbs),600,89,145,90,105,80,91
0646,Kyurem,,"['Dragon', 'Ice']",Boundary Pokémon,3.0 m (9′10″),325.0 kg (716.5 lbs),660,125,130,90,130,90,95
0646,Kyurem,White Kyurem,"['Dragon', 'Ice']",Boundary Pokémon,3.0 m (9′10″),325.0 kg (716.5 lbs),700,125,120,90,170,100,95
0646,Kyurem,Black Kyurem,"['Dragon', 'Ice']",Boundary Pokémon,3.0 m (9′10″),325.0 kg (716.5 lbs),700,125,170,100,120,90,95
0647,Keldeo,Ordinary Form,"['Water', 'Fighting']",Colt Pokémon,1.4 m (4′07″),48.5 kg (106.9 lbs),580,91,72,90,129,90,108
0647,Keldeo,Resolute Form,"['Water', 'Fighting']",Colt Pokémon,1.4 m (4′07″),48.5 kg (106.9 lbs),580,91,72,90,129,90,108
0648,Meloetta,Aria Forme,"['Normal', 'Psychic']",Melody Pokémon,0.6 m (2′00″),6.5 kg (14.3 lbs),600,100,77,77,128,128,90
0648,Meloetta,Pirouette Forme,"['Normal', 'Fighting']",Melody Pokémon,0.6 m (2′00″),6.5 kg (14.3 lbs),600,100,128,90,77,77,128
0649,Genesect,,"['Bug', 'Steel']",Paleozoic Pokémon,1.5 m (4′11″),82.5 kg (181.9 lbs),600,71,120,95,120,95,99
0650,Chespin,,['Grass'],Spiny Nut Pokémon,0.4 m (1′04″),9.0 kg (19.8 lbs),313,56,61,65,48,45,38
0651,Quilladin,,['Grass'],Spiny Armor Pokémon,0.7 m (2′04″),29.0 kg (63.9 lbs),405,61,78,95,56,58,57
0652,Chesnaught,,"['Grass', 'Fighting']",Spiny Armor Pokémon,1.6 m (5′03″),90.0 kg (198.4 lbs),530,88,107,122,74,75,64
0653,Fennekin,,['Fire'],Fox Pokémon,0.4 m (1′04″),9.4 kg (20.7 lbs),307,40,45,40,62,60,60
0654,Braixen,,['Fire'],Fox Pokémon,1.0 m (3′03″),14.5 kg (32.0 lbs),409,59,59,58,90,70,73
0655,Delphox,,"['Fire', 'Psychic']",Fox Pokémon,1.5 m (4′11″),39.0 kg (86.0 lbs),534,75,69,72,114,100,104
0656,Froakie,,['Water'],Bubble Frog Pokémon,0.3 m (1′00″),7.0 kg (15.4 lbs),314,41,56,40,62,44,71
0657,Frogadier,,['Water'],Bubble Frog Pokémon,0.6 m (2′00″),10.9 kg (24.0 lbs),405,54,63,52,83,56,97
0658,Greninja,,"['Water', 'Dark']",Ninja Pokémon,1.5 m (4′11″),40.0 kg (88.2 lbs),530,72,95,67,103,71,122
0658,Greninja,Ash-Greninja,"['Water', 'Dark']",Ninja Pokémon,1.5 m (4′11″),40.0 kg (88.2 lbs),640,72,145,67,153,71,132
0659,Bunnelby,,['Normal'],Digging Pokémon,0.4 m (1′04″),5.0 kg (11.0 lbs),237,38,36,38,32,36,57
0660,Diggersby,,"['Normal', 'Ground']",Digging Pokémon,1.0 m (3′03″),42.4 kg (93.5 lbs),423,85,56,77,50,77,78
0661,Fletchling,,"['Normal', 'Flying']",Tiny Robin Pokémon,0.3 m (1′00″),1.7 kg (3.7 lbs),278,45,50,43,40,38,62
0662,Fletchinder,,"['Fire', 'Flying']",Ember Pokémon,0.7 m (2′04″),16.0 kg (35.3 lbs),382,62,73,55,56,52,84
0663,Talonflame,,"['Fire', 'Flying']",Scorching Pokémon,1.2 m (3′11″),24.5 kg (54.0 lbs),499,78,81,71,74,69,126
0664,Scatterbug,,['Bug'],Scatterdust Pokémon,0.3 m (1′00″),2.5 kg (5.5 lbs),200,38,35,40,27,25,35
0665,Spewpa,,['Bug'],Scatterdust Pokémon,0.3 m (1′00″),8.4 kg (18.5 lbs),213,45,22,60,27,30,29
0666,Vivillon,,"['Bug', 'Flying']",Scale Pokémon,1.2 m (3′11″),17.0 kg (37.5 lbs),411,80,52,50,90,50,89
0667,Litleo,,"['Fire', 'Normal']",Lion Cub Pokémon,0.6 m (2′00″),13.5 kg (29.8 lbs),369,62,50,58,73,54,72
0668,Pyroar,,"['Fire', 'Normal']",Royal Pokémon,1.5 m (4′11″),81.5 kg (179.7 lbs),507,86,68,72,109,66,106
0669,Flabébé,,['Fairy'],Single Bloom Pokémon,0.1 m (0′04″),0.1 kg (0.2 lbs),303,44,38,39,61,79,42
0670,Floette,,['Fairy'],Single Bloom Pokémon,0.2 m (0′08″),0.9 kg (2.0 lbs),371,54,45,47,75,98,52
0671,Florges,,['Fairy'],Garden Pokémon,1.1 m (3′07″),10.0 kg (22.0 lbs),552,78,65,68,112,154,75
0672,Skiddo,,['Grass'],Mount Pokémon,0.9 m (2′11″),31.0 kg (68.3 lbs),350,66,65,48,62,57,52
0673,Gogoat,,['Grass'],Mount Pokémon,1.7 m (5′07″),91.0 kg (200.6 lbs),531,123,100,62,97,81,68
0674,Pancham,,['Fighting'],Playful Pokémon,0.6 m (2′00″),8.0 kg (17.6 lbs),348,67,82,62,46,48,43
0675,Pangoro,,"['Fighting', 'Dark']",Daunting Pokémon,2.1 m (6′11″),136.0 kg (299.8 lbs),495,95,124,78,69,71,58
0676,Furfrou,,['Normal'],Poodle Pokémon,1.2 m (3′11″),28.0 kg (61.7 lbs),472,75,80,60,65,90,102
0677,Espurr,,['Psychic'],Restraint Pokémon,0.3 m (1′00″),3.5 kg (7.7 lbs),355,62,48,54,63,60,68
0678,Meowstic,Male,['Psychic'],Constraint Pokémon,0.6 m (2′00″),8.5 kg (18.7 lbs),466,74,48,76,83,81,104
0678,Meowstic,Female,['Psychic'],Constraint Pokémon,0.6 m (2′00″),8.5 kg (18.7 lbs),466,74,48,76,83,81,104
0679,Honedge,,"['Steel', 'Ghost']",Sword Pokémon,0.8 m (2′07″),2.0 kg (4.4 lbs),325,45,80,100,35,37,28
0680,Doublade,,"['Steel', 'Ghost']",Sword Pokémon,0.8 m (2′07″),4.5 kg (9.9 lbs),448,59,110,150,45,49,35
0681,Aegislash,Shield Forme,"['Steel', 'Ghost']",Royal Sword Pokémon,1.7 m (5′07″),53.0 kg (116.8 lbs),500,60,50,140,50,140,60
0681,Aegislash,Blade Forme,"['Steel', 'Ghost']",Royal Sword Pokémon,1.7 m (5′07″),53.0 kg (116.8 lbs),500,60,140,50,140,50,60
0682,Spritzee,,['Fairy'],Perfume Pokémon,0.2 m (0′08″),0.5 kg (1.1 lbs),341,78,52,60,63,65,23
0683,Aromatisse,,['Fairy'],Fragrance Pokémon,0.8 m (2′07″),15.5 kg (34.2 lbs),462,101,72,72,99,89,29
0684,Swirlix,,['Fairy'],Cotton Candy Pokémon,0.4 m (1′04″),3.5 kg (7.7 lbs),341,62,48,66,59,57,49
0685,Slurpuff,,['Fairy'],Meringue Pokémon,0.8 m (2′07″),5.0 kg (11.0 lbs),480,82,80,86,85,75,72
0686,Inkay,,"['Dark', 'Psychic']",Revolving Pokémon,0.4 m (1′04″),3.5 kg (7.7 lbs),288,53,54,53,37,46,45
0687,Malamar,,"['Dark', 'Psychic']",Overturning Pokémon,1.5 m (4′11″),47.0 kg (103.6 lbs),482,86,92,88,68,75,73
0688,Binacle,,"['Rock', 'Water']",Two-Handed Pokémon,0.5 m (1′08″),31.0 kg (68.3 lbs),306,42,52,67,39,56,50
0689,Barbaracle,,"['Rock', 'Water']",Collective Pokémon,1.3 m (4′03″),96.0 kg (211.6 lbs),500,72,105,115,54,86,68
0690,Skrelp,,"['Poison', 'Water']",Mock Kelp Pokémon,0.5 m (1′08″),7.3 kg (16.1 lbs),320,50,60,60,60,60,30
0691,Dragalge,,"['Poison', 'Dragon']",Mock Kelp Pokémon,1.8 m (5′11″),81.5 kg (179.7 lbs),494,65,75,90,97,123,44
0692,Clauncher,,['Water'],Water Gun Pokémon,0.5 m (1′08″),8.3 kg (18.3 lbs),330,50,53,62,58,63,44
0693,Clawitzer,,['Water'],Howitzer Pokémon,1.3 m (4′03″),35.3 kg (77.8 lbs),500,71,73,88,120,89,59
0694,Helioptile,,"['Electric', 'Normal']",Generator Pokémon,0.5 m (1′08″),6.0 kg (13.2 lbs),289,44,38,33,61,43,70
0695,Heliolisk,,"['Electric', 'Normal']",Generator Pokémon,1.0 m (3′03″),21.0 kg (46.3 lbs),481,62,55,52,109,94,109
0696,Tyrunt,,"['Rock', 'Dragon']",Royal Heir Pokémon,0.8 m (2′07″),26.0 kg (57.3 lbs),362,58,89,77,45,45,48
0697,Tyrantrum,,"['Rock', 'Dragon']",Despot Pokémon,2.5 m (8′02″),270.0 kg (595.2 lbs),521,82,121,119,69,59,71
0698,Amaura,,"['Rock', 'Ice']",Tundra Pokémon,1.3 m (4′03″),25.2 kg (55.6 lbs),362,77,59,50,67,63,46
0699,Aurorus,,"['Rock', 'Ice']",Tundra Pokémon,2.7 m (8′10″),225.0 kg (496.0 lbs),521,123,77,72,99,92,58
0700,Sylveon,,['Fairy'],Intertwining Pokémon,1.0 m (3′03″),23.5 kg (51.8 lbs),525,95,65,65,110,130,60
0701,Hawlucha,,"['Fighting', 'Flying']",Wrestling Pokémon,0.8 m (2′07″),21.5 kg (47.4 lbs),500,78,92,75,74,63,118
0702,Dedenne,,"['Electric', 'Fairy']",Antenna Pokémon,0.2 m (0′08″),2.2 kg (4.9 lbs),431,67,58,57,81,67,101
0703,Carbink,,"['Rock', 'Fairy']",Jewel Pokémon,0.3 m (1′00″),5.7 kg (12.6 lbs),500,50,50,150,50,150,50
0704,Goomy,,['Dragon'],Soft Tissue Pokémon,0.3 m (1′00″),2.8 kg (6.2 lbs),300,45,50,35,55,75,40
0705,Sliggoo,,['Dragon'],Soft Tissue Pokémon,0.8 m (2′07″),17.5 kg (38.6 lbs),452,68,75,53,83,113,60
0705,Sliggoo,Hisuian Sliggoo,"['Steel', 'Dragon']",Soft Tissue Pokémon,0.8 m (2′07″),17.5 kg (38.6 lbs),452,58,75,83,83,113,40
0706,Goodra,,['Dragon'],Dragon Pokémon,2.0 m (6′07″),150.5 kg (331.8 lbs),600,90,100,70,110,150,80
0706,Goodra,Hisuian Goodra,"['Steel', 'Dragon']",Dragon Pokémon,2.0 m (6′07″),150.5 kg (331.8 lbs),600,80,100,100,110,150,60
0707,Klefki,,"['Steel', 'Fairy']",Key Ring Pokémon,0.2 m (0′08″),3.0 kg (6.6 lbs),470,57,80,91,80,87,75
0708,Phantump,,"['Ghost', 'Grass']",Stump Pokémon,0.4 m (1′04″),7.0 kg (15.4 lbs),309,43,70,48,50,60,38
0709,Trevenant,,"['Ghost', 'Grass']",Elder Tree Pokémon,1.5 m (4′11″),71.0 kg (156.5 lbs),474,85,110,76,65,82,56
0710,Pumpkaboo,Average Size,"['Ghost', 'Grass']",Pumpkin Pokémon,0.4 m (1′04″),5.0 kg (11.0 lbs),335,49,66,70,44,55,51
0710,Pumpkaboo,Small Size,"['Ghost', 'Grass']",Pumpkin Pokémon,0.4 m (1′04″),5.0 kg (11.0 lbs),335,44,66,70,44,55,56
0710,Pumpkaboo,Large Size,"['Ghost', 'Grass']",Pumpkin Pokémon,0.4 m (1′04″),5.0 kg (11.0 lbs),335,54,66,70,44,55,46
0710,Pumpkaboo,Super Size,"['Ghost', 'Grass']",Pumpkin Pokémon,0.4 m (1′04″),5.0 kg (11.0 lbs),335,59,66,70,44,55,41
0711,Gourgeist,Average Size,"['Ghost', 'Grass']",Pumpkin Pokémon,0.9 m (2′11″),12.5 kg (27.6 lbs),494,65,90,122,58,75,84
0711,Gourgeist,Small Size,"['Ghost', 'Grass']",Pumpkin Pokémon,0.9 m (2′11″),12.5 kg (27.6 lbs),494,55,85,122,58,75,99
0711,Gourgeist,Large Size,"['Ghost', 'Grass']",Pumpkin Pokémon,0.9 m (2′11″),12.5 kg (27.6 lbs),494,75,95,122,58,75,69
0711,Gourgeist,Super Size,"['Ghost', 'Grass']",Pumpkin Pokémon,0.9 m (2′11″),12.5 kg (27.6 lbs),494,85,100,122,58,75,54
0712,Bergmite,,['Ice'],Ice Chunk Pokémon,1.0 m (3′03″),99.5 kg (219.4 lbs),304,55,69,85,32,35,28
0713,Avalugg,,['Ice'],Iceberg Pokémon,2.0 m (6′07″),505.0 kg (1113.3 lbs),514,95,117,184,44,46,28
0713,Avalugg,Hisuian Avalugg,"['Ice', 'Rock']",Iceberg Pokémon,2.0 m (6′07″),505.0 kg (1113.3 lbs),514,95,127,184,34,36,38
0714,Noibat,,"['Flying', 'Dragon']",Sound Wave Pokémon,0.5 m (1′08″),8.0 kg (17.6 lbs),245,40,30,35,45,40,55
0715,Noivern,,"['Flying', 'Dragon']",Sound Wave Pokémon,1.5 m (4′11″),85.0 kg (187.4 lbs),535,85,70,80,97,80,123
0716,Xerneas,,['Fairy'],Life Pokémon,3.0 m (9′10″),215.0 kg (474.0 lbs),680,126,131,95,131,98,99
0717,Yveltal,,"['Dark', 'Flying']",Destruction Pokémon,5.8 m (19′00″),203.0 kg (447.5 lbs),680,126,131,95,131,98,99
0718,Zygarde,50% Forme,"['Dragon', 'Ground']",Order Pokémon,5.0 m (16′05″),305.0 kg (672.4 lbs),600,108,100,121,81,95,95
0718,Zygarde,10% Forme,"['Dragon', 'Ground']",Order Pokémon,5.0 m (16′05″),305.0 kg (672.4 lbs),486,54,100,71,61,85,115
0718,Zygarde,Complete Forme,"['Dragon', 'Ground']",Order Pokémon,5.0 m (16′05″),305.0 kg (672.4 lbs),708,216,100,121,91,95,85
0719,Diancie,,"['Rock', 'Fairy']",Jewel Pokémon,0.7 m (2′04″),8.8 kg (19.4 lbs),600,50,100,150,100,150,50
0719,Diancie,Mega Diancie,"['Rock', 'Fairy']",Jewel Pokémon,0.7 m (2′04″),8.8 kg (19.4 lbs),700,50,160,110,160,110,110
0720,Hoopa,Hoopa Confined,"['Psychic', 'Ghost']",Mischief Pokémon,0.5 m (1′08″),9.0 kg (19.8 lbs),600,80,110,60,150,130,70
0720,Hoopa,Hoopa Unbound,"['Psychic', 'Dark']",Mischief Pokémon,0.5 m (1′08″),9.0 kg (19.8 lbs),680,80,160,60,170,130,80
0721,Volcanion,,"['Fire', 'Water']",Steam Pokémon,1.7 m (5′07″),195.0 kg (429.9 lbs),600,80,110,120,130,90,70
0722,Rowlet,,"['Grass', 'Flying']",Grass Quill Pokémon,0.3 m (1′00″),1.5 kg (3.3 lbs),320,68,55,55,50,50,42
0723,Dartrix,,"['Grass', 'Flying']",Blade Quill Pokémon,0.7 m (2′04″),16.0 kg (35.3 lbs),420,78,75,75,70,70,52
0724,Decidueye,,"['Grass', 'Ghost']",Arrow Quill Pokémon,1.6 m (5′03″),36.6 kg (80.7 lbs),530,78,107,75,100,100,70
0724,Decidueye,Hisuian Decidueye,"['Grass', 'Fighting']",Arrow Quill Pokémon,1.6 m (5′03″),36.6 kg (80.7 lbs),530,88,112,80,95,95,60
0725,Litten,,['Fire'],Fire Cat Pokémon,0.4 m (1′04″),4.3 kg (9.5 lbs),320,45,65,40,60,40,70
0726,Torracat,,['Fire'],Fire Cat Pokémon,0.7 m (2′04″),25.0 kg (55.1 lbs),420,65,85,50,80,50,90
0727,Incineroar,,"['Fire', 'Dark']",Heel Pokémon,1.8 m (5′11″),83.0 kg (183.0 lbs),530,95,115,90,80,90,60
0728,Popplio,,['Water'],Sea Lion Pokémon,0.4 m (1′04″),7.5 kg (16.5 lbs),320,50,54,54,66,56,40
0729,Brionne,,['Water'],Pop Star Pokémon,0.6 m (2′00″),17.5 kg (38.6 lbs),420,60,69,69,91,81,50
0730,Primarina,,"['Water', 'Fairy']",Soloist Pokémon,1.8 m (5′11″),44.0 kg (97.0 lbs),530,80,74,74,126,116,60
0731,Pikipek,,"['Normal', 'Flying']",Woodpecker Pokémon,0.3 m (1′00″),1.2 kg (2.6 lbs),265,35,75,30,30,30,65
0732,Trumbeak,,"['Normal', 'Flying']",Bugle Beak Pokémon,0.6 m (2′00″),14.8 kg (32.6 lbs),355,55,85,50,40,50,75
0733,Toucannon,,"['Normal', 'Flying']",Cannon Pokémon,1.1 m (3′07″),26.0 kg (57.3 lbs),485,80,120,75,75,75,60
0734,Yungoos,,['Normal'],Loitering Pokémon,0.4 m (1′04″),6.0 kg (13.2 lbs),253,48,70,30,30,30,45
0735,Gumshoos,,['Normal'],Stakeout Pokémon,0.7 m (2′04″),14.2 kg (31.3 lbs),418,88,110,60,55,60,45
0736,Grubbin,,['Bug'],Larva Pokémon,0.4 m (1′04″),4.4 kg (9.7 lbs),300,47,62,45,55,45,46
0737,Charjabug,,"['Bug', 'Electric']",Battery Pokémon,0.5 m (1′08″),10.5 kg (23.1 lbs),400,57,82,95,55,75,36
0738,Vikavolt,,"['Bug', 'Electric']",Stag Beetle Pokémon,1.5 m (4′11″),45.0 kg (99.2 lbs),500,77,70,90,145,75,43
0739,Crabrawler,,['Fighting'],Boxing Pokémon,0.6 m (2′00″),7.0 kg (15.4 lbs),338,47,82,57,42,47,63
0740,Crabominable,,"['Fighting', 'Ice']",Woolly Crab Pokémon,1.7 m (5′07″),180.0 kg (396.8 lbs),478,97,132,77,62,67,43
0741,Oricorio,Baile Style,"['Fire', 'Flying']",Dancing Pokémon,0.6 m (2′00″),3.4 kg (7.5 lbs),476,75,70,70,98,70,93
0741,Oricorio,Pom-Pom Style,"['Electric', 'Flying']",Dancing Pokémon,0.6 m (2′00″),3.4 kg (7.5 lbs),476,75,70,70,98,70,93
0741,Oricorio,Pa'u Style,"['Psychic', 'Flying']",Dancing Pokémon,0.6 m (2′00″),3.4 kg (7.5 lbs),476,75,70,70,98,70,93
0741,Oricorio,Sensu Style,"['Ghost', 'Flying']",Dancing Pokémon,0.6 m (2′00″),3.4 kg (7.5 lbs),476,75,70,70,98,70,93
0742,Cutiefly,,"['Bug', 'Fairy']",Bee Fly Pokémon,0.1 m (0′04″),0.2 kg (0.4 lbs),304,40,45,40,55,40,84
0743,Ribombee,,"['Bug', 'Fairy']",Bee Fly Pokémon,0.2 m (0′08″),0.5 kg (1.1 lbs),464,60,55,60,95,70,124
0744,Rockruff,,['Rock'],Puppy Pokémon,0.5 m (1′08″),9.2 kg (20.3 lbs),280,45,65,40,30,40,60
0744,Rockruff,Own Tempo Rockruff,['Rock'],Puppy Pokémon,0.5 m (1′08″),9.2 kg (20.3 lbs),280,45,65,40,30,40,60
0745,Lycanroc,Midday Form,['Rock'],Wolf Pokémon,0.8 m (2′07″),25.0 kg (55.1 lbs),487,75,115,65,55,65,112
0745,Lycanroc,Midnight Form,['Rock'],Wolf Pokémon,0.8 m (2′07″),25.0 kg (55.1 lbs),487,85,115,75,55,75,82
0745,Lycanroc,Dusk Form,['Rock'],Wolf Pokémon,0.8 m (2′07″),25.0 kg (55.1 lbs),487,75,117,65,55,65,110
0746,Wishiwashi,Solo Form,['Water'],Small Fry Pokémon,0.2 m (0′08″),0.3 kg (0.7 lbs),175,45,20,20,25,25,40
0746,Wishiwashi,School Form,['Water'],Small Fry Pokémon,0.2 m (0′08″),0.3 kg (0.7 lbs),620,45,140,130,140,135,30
0747,Mareanie,,"['Poison', 'Water']",Brutal Star Pokémon,0.4 m (1′04″),8.0 kg (17.6 lbs),305,50,53,62,43,52,45
0748,Toxapex,,"['Poison', 'Water']",Brutal Star Pokémon,0.7 m (2′04″),14.5 kg (32.0 lbs),495,50,63,152,53,142,35
0749,Mudbray,,['Ground'],Donkey Pokémon,1.0 m (3′03″),110.0 kg (242.5 lbs),385,70,100,70,45,55,45
0750,Mudsdale,,['Ground'],Draft Horse Pokémon,2.5 m (8′02″),920.0 kg (2028.3 lbs),500,100,125,100,55,85,35
0751,Dewpider,,"['Water', 'Bug']",Water Bubble Pokémon,0.3 m (1′00″),4.0 kg (8.8 lbs),269,38,40,52,40,72,27
0752,Araquanid,,"['Water', 'Bug']",Water Bubble Pokémon,1.8 m (5′11″),82.0 kg (180.8 lbs),454,68,70,92,50,132,42
0753,Fomantis,,['Grass'],Sickle Grass Pokémon,0.3 m (1′00″),1.5 kg (3.3 lbs),250,40,55,35,50,35,35
0754,Lurantis,,['Grass'],Bloom Sickle Pokémon,0.9 m (2′11″),18.5 kg (40.8 lbs),480,70,105,90,80,90,45
0755,Morelull,,"['Grass', 'Fairy']",Illuminating Pokémon,0.2 m (0′08″),1.5 kg (3.3 lbs),285,40,35,55,65,75,15
0756,Shiinotic,,"['Grass', 'Fairy']",Illuminating Pokémon,1.0 m (3′03″),11.5 kg (25.4 lbs),405,60,45,80,90,100,30
0757,Salandit,,"['Poison', 'Fire']",Toxic Lizard Pokémon,0.6 m (2′00″),4.8 kg (10.6 lbs),320,48,44,40,71,40,77
0758,Salazzle,,"['Poison', 'Fire']",Toxic Lizard Pokémon,1.2 m (3′11″),22.2 kg (48.9 lbs),480,68,64,60,111,60,117
0759,Stufful,,"['Normal', 'Fighting']",Flailing Pokémon,0.5 m (1′08″),6.8 kg (15.0 lbs),340,70,75,50,45,50,50
0760,Bewear,,"['Normal', 'Fighting']",Strong Arm Pokémon,2.1 m (6′11″),135.0 kg (297.6 lbs),500,120,125,80,55,60,60
0761,Bounsweet,,['Grass'],Fruit Pokémon,0.3 m (1′00″),3.2 kg (7.1 lbs),210,42,30,38,30,38,32
0762,Steenee,,['Grass'],Fruit Pokémon,0.7 m (2′04″),8.2 kg (18.1 lbs),290,52,40,48,40,48,62
0763,Tsareena,,['Grass'],Fruit Pokémon,1.2 m (3′11″),21.4 kg (47.2 lbs),510,72,120,98,50,98,72
0764,Comfey,,['Fairy'],Posy Picker Pokémon,0.1 m (0′04″),0.3 kg (0.7 lbs),485,51,52,90,82,110,100
0765,Oranguru,,"['Normal', 'Psychic']",Sage Pokémon,1.5 m (4′11″),76.0 kg (167.6 lbs),490,90,60,80,90,110,60
0766,Passimian,,['Fighting'],Teamwork Pokémon,2.0 m (6′07″),82.8 kg (182.5 lbs),490,100,120,90,40,60,80
0767,Wimpod,,"['Bug', 'Water']",Turn Tail Pokémon,0.5 m (1′08″),12.0 kg (26.5 lbs),230,25,35,40,20,30,80
0768,Golisopod,,"['Bug', 'Water']",Hard Scale Pokémon,2.0 m (6′07″),108.0 kg (238.1 lbs),530,75,125,140,60,90,40
0769,Sandygast,,"['Ghost', 'Ground']",Sand Heap Pokémon,0.5 m (1′08″),70.0 kg (154.3 lbs),320,55,55,80,70,45,15
0770,Palossand,,"['Ghost', 'Ground']",Sand Castle Pokémon,1.3 m (4′03″),250.0 kg (551.2 lbs),480,85,75,110,100,75,35
0771,Pyukumuku,,['Water'],Sea Cucumber Pokémon,0.3 m (1′00″),1.2 kg (2.6 lbs),410,55,60,130,30,130,5
0772,Type: Null,,['Normal'],Synthetic Pokémon,1.9 m (6′03″),120.5 kg (265.7 lbs),534,95,95,95,95,95,59
0773,Silvally,,['Normal'],Synthetic Pokémon,2.3 m (7′07″),100.5 kg (221.6 lbs),570,95,95,95,95,95,95
0774,Minior,Meteor Form,"['Rock', 'Flying']",Meteor Pokémon,0.3 m (1′00″),40.0 kg (88.2 lbs),440,60,60,100,60,100,60
0774,Minior,Core Form,"['Rock', 'Flying']",Meteor Pokémon,0.3 m (1′00″),40.0 kg (88.2 lbs),500,60,100,60,100,60,120
0775,Komala,,['Normal'],Drowsing Pokémon,0.4 m (1′04″),19.9 kg (43.9 lbs),480,65,115,65,75,95,65
0776,Turtonator,,"['Fire', 'Dragon']",Blast Turtle Pokémon,2.0 m (6′07″),212.0 kg (467.4 lbs),485,60,78,135,91,85,36
0777,Togedemaru,,"['Electric', 'Steel']",Roly-Poly Pokémon,0.3 m (1′00″),3.3 kg (7.3 lbs),435,65,98,63,40,73,96
0778,Mimikyu,,"['Ghost', 'Fairy']",Disguise Pokémon,0.2 m (0′08″),0.7 kg (1.5 lbs),476,55,90,80,50,105,96
0779,Bruxish,,"['Water', 'Psychic']",Gnash Teeth Pokémon,0.9 m (2′11″),19.0 kg (41.9 lbs),475,68,105,70,70,70,92
0780,Drampa,,"['Normal', 'Dragon']",Placid Pokémon,3.0 m (9′10″),185.0 kg (407.9 lbs),485,78,60,85,135,91,36
0781,Dhelmise,,"['Ghost', 'Grass']",Sea Creeper Pokémon,3.9 m (12′10″),210.0 kg (463.0 lbs),517,70,131,100,86,90,40
0782,Jangmo-o,,['Dragon'],Scaly Pokémon,0.6 m (2′00″),29.7 kg (65.5 lbs),300,45,55,65,45,45,45
0783,Hakamo-o,,"['Dragon', 'Fighting']",Scaly Pokémon,1.2 m (3′11″),47.0 kg (103.6 lbs),420,55,75,90,65,70,65
0784,Kommo-o,,"['Dragon', 'Fighting']",Scaly Pokémon,1.6 m (5′03″),78.2 kg (172.4 lbs),600,75,110,125,100,105,85
0785,Tapu Koko,,"['Electric', 'Fairy']",Land Spirit Pokémon,1.8 m (5′11″),20.5 kg (45.2 lbs),570,70,115,85,95,75,130
0786,Tapu Lele,,"['Psychic', 'Fairy']",Land Spirit Pokémon,1.2 m (3′11″),18.6 kg (41.0 lbs),570,70,85,75,130,115,95
0787,Tapu Bulu,,"['Grass', 'Fairy']",Land Spirit Pokémon,1.9 m (6′03″),45.5 kg (100.3 lbs),570,70,130,115,85,95,75
0788,Tapu Fini,,"['Water', 'Fairy']",Land Spirit Pokémon,1.3 m (4′03″),21.2 kg (46.7 lbs),570,70,75,115,95,130,85
0789,Cosmog,,['Psychic'],Nebula Pokémon,0.2 m (0′08″),0.1 kg (0.2 lbs),200,43,29,31,29,31,37
0790,Cosmoem,,['Psychic'],Protostar Pokémon,0.1 m (0′04″),999.9 kg (2204.4 lbs),400,43,29,131,29,131,37
0791,Solgaleo,,"['Psychic', 'Steel']",Sunne Pokémon,3.4 m (11′02″),230.0 kg (507.1 lbs),680,137,137,107,113,89,97
0792,Lunala,,"['Psychic', 'Ghost']",Moone Pokémon,4.0 m (13′01″),120.0 kg (264.6 lbs),680,137,113,89,137,107,97
0793,Nihilego,,"['Rock', 'Poison']",Parasite Pokémon,1.2 m (3′11″),55.5 kg (122.4 lbs),570,109,53,47,127,131,103
0794,Buzzwole,,"['Bug', 'Fighting']",Swollen Pokémon,2.4 m (7′10″),333.6 kg (735.5 lbs),570,107,139,139,53,53,79
0795,Pheromosa,,"['Bug', 'Fighting']",Lissome Pokémon,1.8 m (5′11″),25.0 kg (55.1 lbs),570,71,137,37,137,37,151
0796,Xurkitree,,['Electric'],Glowing Pokémon,3.8 m (12′06″),100.0 kg (220.5 lbs),570,83,89,71,173,71,83
0797,Celesteela,,"['Steel', 'Flying']",Launch Pokémon,9.2 m (30′02″),999.9 kg (2204.4 lbs),570,97,101,103,107,101,61
0798,Kartana,,"['Grass', 'Steel']",Drawn Sword Pokémon,0.3 m (1′00″),0.1 kg (0.2 lbs),570,59,181,131,59,31,109
0799,Guzzlord,,"['Dark', 'Dragon']",Junkivore Pokémon,5.5 m (18′01″),888.0 kg (1957.7 lbs),570,223,101,53,97,53,43
0800,Necrozma,,['Psychic'],Prism Pokémon,2.4 m (7′10″),230.0 kg (507.1 lbs),600,97,107,101,127,89,79
0800,Necrozma,Dusk Mane Necrozma,"['Psychic', 'Steel']",Prism Pokémon,2.4 m (7′10″),230.0 kg (507.1 lbs),680,97,157,127,113,109,77
0800,Necrozma,Dawn Wings Necrozma,"['Psychic', 'Ghost']",Prism Pokémon,2.4 m (7′10″),230.0 kg (507.1 lbs),680,97,113,109,157,127,77
0800,Necrozma,Ultra Necrozma,"['Psychic', 'Dragon']",Prism Pokémon,2.4 m (7′10″),230.0 kg (507.1 lbs),754,97,167,97,167,97,129
0801,Magearna,,"['Steel', 'Fairy']",Artificial Pokémon,1.0 m (3′03″),80.5 kg (177.5 lbs),600,80,95,115,130,115,65
0802,Marshadow,,"['Fighting', 'Ghost']",Gloomdweller Pokémon,0.7 m (2′04″),22.2 kg (48.9 lbs),600,90,125,80,90,90,125
0803,Poipole,,['Poison'],Poison Pin Pokémon,0.6 m (2′00″),1.8 kg (4.0 lbs),420,67,73,67,73,67,73
0804,Naganadel,,"['Poison', 'Dragon']",Poison Pin Pokémon,3.6 m (11′10″),150.0 kg (330.7 lbs),540,73,73,73,127,73,121
0805,Stakataka,,"['Rock', 'Steel']",Rampart Pokémon,5.5 m (18′01″),820.0 kg (1807.8 lbs),570,61,131,211,53,101,13
0806,Blacephalon,,"['Fire', 'Ghost']",Fireworks Pokémon,1.8 m (5′11″),13.0 kg (28.7 lbs),570,53,127,53,151,79,107
0807,Zeraora,,['Electric'],Thunderclap Pokémon,1.5 m (4′11″),44.5 kg (98.1 lbs),600,88,112,75,102,80,143
0808,Meltan,,['Steel'],Hex Nut Pokémon,0.2 m (0′08″),8.0 kg (17.6 lbs),300,46,65,65,55,35,34
0809,Melmetal,,['Steel'],Hex Nut Pokémon,2.5 m (8′02″),800.0 kg (1763.7 lbs),600,135,143,143,80,65,34
0810,Grookey,,['Grass'],Chimp Pokémon,0.3 m (1′00″),5.0 kg (11.0 lbs),310,50,65,50,40,40,65
0811,Thwackey,,['Grass'],Beat Pokémon,0.7 m (2′04″),14.0 kg (30.9 lbs),420,70,85,70,55,60,80
0812,Rillaboom,,['Grass'],Drummer Pokémon,2.1 m (6′11″),90.0 kg (198.4 lbs),530,100,125,90,60,70,85
0813,Scorbunny,,['Fire'],Rabbit Pokémon,0.3 m (1′00″),4.5 kg (9.9 lbs),310,50,71,40,40,40,69
0814,Raboot,,['Fire'],Rabbit Pokémon,0.6 m (2′00″),9.0 kg (19.8 lbs),420,65,86,60,55,60,94
0815,Cinderace,,['Fire'],Striker Pokémon,1.4 m (4′07″),33.0 kg (72.8 lbs),530,80,116,75,65,75,119
0816,Sobble,,['Water'],Water Lizard Pokémon,0.3 m (1′00″),4.0 kg (8.8 lbs),310,50,40,40,70,40,70
0817,Drizzile,,['Water'],Water lizard Pokémon,0.7 m (2′04″),11.5 kg (25.4 lbs),420,65,60,55,95,55,90
0818,Inteleon,,['Water'],Secret Agent Pokémon,1.9 m (6′03″),45.2 kg (99.6 lbs),530,70,85,65,125,65,120
0819,Skwovet,,['Normal'],Cheeky Pokémon,0.3 m (1′00″),2.5 kg (5.5 lbs),275,70,55,55,35,35,25
0820,Greedent,,['Normal'],Greedy Pokémon,0.6 m (2′00″),6.0 kg (13.2 lbs),460,120,95,95,55,75,20
0821,Rookidee,,['Flying'],Tiny Bird Pokémon,0.2 m (0′08″),1.8 kg (4.0 lbs),245,38,47,35,33,35,57
0822,Corvisquire,,['Flying'],Raven Pokémon,0.8 m (2′07″),16.0 kg (35.3 lbs),365,68,67,55,43,55,77
0823,Corviknight,,"['Flying', 'Steel']",Raven Pokémon,2.2 m (7′03″),75.0 kg (165.3 lbs),495,98,87,105,53,85,67
0824,Blipbug,,['Bug'],Larva Pokémon,0.4 m (1′04″),8.0 kg (17.6 lbs),180,25,20,20,25,45,45
0825,Dottler,,"['Bug', 'Psychic']",Radome Pokémon,0.4 m (1′04″),19.5 kg (43.0 lbs),335,50,35,80,50,90,30
0826,Orbeetle,,"['Bug', 'Psychic']",Seven Spot Pokémon,0.4 m (1′04″),40.8 kg (89.9 lbs),505,60,45,110,80,120,90
0827,Nickit,,['Dark'],Fox Pokémon,0.6 m (2′00″),8.9 kg (19.6 lbs),245,40,28,28,47,52,50
0828,Thievul,,['Dark'],Fox Pokémon,1.2 m (3′11″),19.9 kg (43.9 lbs),455,70,58,58,87,92,90
0829,Gossifleur,,['Grass'],Flowering Pokémon,0.4 m (1′04″),2.2 kg (4.9 lbs),250,40,40,60,40,60,10
0830,Eldegoss,,['Grass'],Cotton Bloom Pokémon,0.5 m (1′08″),2.5 kg (5.5 lbs),460,60,50,90,80,120,60
0831,Wooloo,,['Normal'],Sheep Pokémon,0.6 m (2′00″),6.0 kg (13.2 lbs),270,42,40,55,40,45,48
0832,Dubwool,,['Normal'],Sheep Pokémon,1.3 m (4′03″),43.0 kg (94.8 lbs),490,72,80,100,60,90,88
0833,Chewtle,,['Water'],Snapping Pokémon,0.3 m (1′00″),8.5 kg (18.7 lbs),284,50,64,50,38,38,44
0834,Drednaw,,"['Water', 'Rock']",Bite Pokémon,1.0 m (3′03″),115.5 kg (254.6 lbs),485,90,115,90,48,68,74
0835,Yamper,,['Electric'],Puppy Pokémon,0.3 m (1′00″),13.5 kg (29.8 lbs),270,59,45,50,40,50,26
0836,Boltund,,['Electric'],Dog Pokémon,1.0 m (3′03″),34.0 kg (75.0 lbs),490,69,90,60,90,60,121
0837,Rolycoly,,['Rock'],Coal Pokémon,0.3 m (1′00″),12.0 kg (26.5 lbs),240,30,40,50,40,50,30
0838,Carkol,,"['Rock', 'Fire']",Coal Pokémon,1.1 m (3′07″),78.0 kg (172.0 lbs),410,80,60,90,60,70,50
0839,Coalossal,,"['Rock', 'Fire']",Coal Pokémon,2.8 m (9′02″),310.5 kg (684.5 lbs),510,110,80,120,80,90,30
0840,Applin,,"['Grass', 'Dragon']",Apple Core Pokémon,0.2 m (0′08″),0.5 kg (1.1 lbs),260,40,40,80,40,40,20
0841,Flapple,,"['Grass', 'Dragon']",Apple Wing Pokémon,0.3 m (1′00″),1.0 kg (2.2 lbs),485,70,110,80,95,60,70
0842,Appletun,,"['Grass', 'Dragon']",Apple Nectar Pokémon,0.4 m (1′04″),13.0 kg (28.7 lbs),485,110,85,80,100,80,30
0843,Silicobra,,['Ground'],Sand Snake Pokémon,2.2 m (7′03″),7.6 kg (16.8 lbs),315,52,57,75,35,50,46
0844,Sandaconda,,['Ground'],Sand Snake Pokémon,3.8 m (12′06″),65.5 kg (144.4 lbs),510,72,107,125,65,70,71
0845,Cramorant,,"['Flying', 'Water']",Gulp Pokémon,0.8 m (2′07″),18.0 kg (39.7 lbs),475,70,85,55,85,95,85
0846,Arrokuda,,['Water'],Rush Pokémon,0.5 m (1′08″),1.0 kg (2.2 lbs),280,41,63,40,40,30,66
0847,Barraskewda,,['Water'],Skewer Pokémon,1.3 m (4′03″),30.0 kg (66.1 lbs),490,61,123,60,60,50,136
0848,Toxel,,"['Electric', 'Poison']",Baby Pokémon,0.4 m (1′04″),11.0 kg (24.3 lbs),242,40,38,35,54,35,40
0849,Toxtricity,Amped Form,"['Electric', 'Poison']",Punk Pokémon,1.6 m (5′03″),40.0 kg (88.2 lbs),502,75,98,70,114,70,75
0849,Toxtricity,Low Key Form,"['Electric', 'Poison']",Punk Pokémon,1.6 m (5′03″),40.0 kg (88.2 lbs),502,75,98,70,114,70,75
0850,Sizzlipede,,"['Fire', 'Bug']",Radiator Pokémon,0.7 m (2′04″),1.0 kg (2.2 lbs),305,50,65,45,50,50,45
0851,Centiskorch,,"['Fire', 'Bug']",Radiator Pokémon,3.0 m (9′10″),120.0 kg (264.6 lbs),525,100,115,65,90,90,65
0852,Clobbopus,,['Fighting'],Tantrum Pokémon,0.6 m (2′00″),4.0 kg (8.8 lbs),310,50,68,60,50,50,32
0853,Grapploct,,['Fighting'],Tantrum Pokémon,1.6 m (5′03″),39.0 kg (86.0 lbs),480,80,118,90,70,80,42
0854,Sinistea,,['Ghost'],Black Tea Pokémon,0.1 m (0′04″),0.2 kg (0.4 lbs),308,40,45,45,74,54,50
0855,Polteageist,,['Ghost'],Black Tea Pokémon,0.2 m (0′08″),0.4 kg (0.9 lbs),508,60,65,65,134,114,70
0856,Hatenna,,['Psychic'],Calm Pokémon,0.4 m (1′04″),3.4 kg (7.5 lbs),265,42,30,45,56,53,39
0857,Hattrem,,['Psychic'],Serene Pokémon,0.6 m (2′00″),4.8 kg (10.6 lbs),370,57,40,65,86,73,49
0858,Hatterene,,"['Psychic', 'Fairy']",Silent Pokémon,2.1 m (6′11″),5.1 kg (11.2 lbs),510,57,90,95,136,103,29
0859,Impidimp,,"['Dark', 'Fairy']",Wily Pokémon,0.4 m (1′04″),5.5 kg (12.1 lbs),265,45,45,30,55,40,50
0860,Morgrem,,"['Dark', 'Fairy']",Devious Pokémon,0.8 m (2′07″),12.5 kg (27.6 lbs),370,65,60,45,75,55,70
0861,Grimmsnarl,,"['Dark', 'Fairy']",Bulk Up Pokémon,1.5 m (4′11″),61.0 kg (134.5 lbs),510,95,120,65,95,75,60
0862,Obstagoon,,"['Dark', 'Normal']",Blocking Pokémon,1.6 m (5′03″),46.0 kg (101.4 lbs),520,93,90,101,60,81,95
0863,Perrserker,,['Steel'],Viking Pokémon,0.8 m (2′07″),28.0 kg (61.7 lbs),440,70,110,100,50,60,50
0864,Cursola,,['Ghost'],Coral Pokémon,1.0 m (3′03″),0.4 kg (0.9 lbs),510,60,95,50,145,130,30
0865,Sirfetch'd,,['Fighting'],Wild Duck Pokémon,0.8 m (2′07″),117.0 kg (257.9 lbs),507,62,135,95,68,82,65
0866,Mr. Rime,,"['Ice', 'Psychic']",Comedian Pokémon,1.5 m (4′11″),58.2 kg (128.3 lbs),520,80,85,75,110,100,70
0867,Runerigus,,"['Ground', 'Ghost']",Grudge Pokémon,1.6 m (5′03″),66.6 kg (146.8 lbs),483,58,95,145,50,105,30
0868,Milcery,,['Fairy'],Cream Pokémon,0.2 m (0′08″),0.3 kg (0.7 lbs),270,45,40,40,50,61,34
0869,Alcremie,,['Fairy'],Cream Pokémon,0.3 m (1′00″),0.5 kg (1.1 lbs),495,65,60,75,110,121,64
0870,Falinks,,['Fighting'],Formation Pokémon,3.0 m (9′10″),62.0 kg (136.7 lbs),470,65,100,100,70,60,75
0871,Pincurchin,,['Electric'],Sea Urchin Pokémon,0.3 m (1′00″),1.0 kg (2.2 lbs),435,48,101,95,91,85,15
0872,Snom,,"['Ice', 'Bug']",Worm Pokémon,0.3 m (1′00″),3.8 kg (8.4 lbs),185,30,25,35,45,30,20
0873,Frosmoth,,"['Ice', 'Bug']",Frost Moth Pokémon,1.3 m (4′03″),42.0 kg (92.6 lbs),475,70,65,60,125,90,65
0874,Stonjourner,,['Rock'],Big Rock Pokémon,2.5 m (8′02″),520.0 kg (1146.4 lbs),470,100,125,135,20,20,70
0875,Eiscue,Ice Face,['Ice'],Penguin Pokémon,1.4 m (4′07″),89.0 kg (196.2 lbs),470,75,80,110,65,90,50
0875,Eiscue,Noice Face,['Ice'],Penguin Pokémon,1.4 m (4′07″),89.0 kg (196.2 lbs),470,75,80,70,65,50,130
0876,Indeedee,Male,"['Psychic', 'Normal']",Emotion Pokémon,0.9 m (2′11″),28.0 kg (61.7 lbs),475,60,65,55,105,95,95
0876,Indeedee,Female,"['Psychic', 'Normal']",Emotion Pokémon,0.9 m (2′11″),28.0 kg (61.7 lbs),475,70,55,65,95,105,85
0877,Morpeko,Full Belly Mode,"['Electric', 'Dark']",Two-Sided Pokémon,0.3 m (1′00″),3.0 kg (6.6 lbs),436,58,95,58,70,58,97
0877,Morpeko,Hangry Mode,"['Electric', 'Dark']",Two-Sided Pokémon,0.3 m (1′00″),3.0 kg (6.6 lbs),436,58,95,58,70,58,97
0878,Cufant,,['Steel'],Copperderm Pokémon,1.2 m (3′11″),100.0 kg (220.5 lbs),330,72,80,49,40,49,40
0879,Copperajah,,['Steel'],Copperderm Pokémon,3.0 m (9′10″),650.0 kg (1433.0 lbs),500,122,130,69,80,69,30
0880,Dracozolt,,"['Electric', 'Dragon']",Fossil Pokémon,1.8 m (5′11″),190.0 kg (418.9 lbs),505,90,100,90,80,70,75
0881,Arctozolt,,"['Electric', 'Ice']",Fossil Pokémon,2.3 m (7′07″),150.0 kg (330.7 lbs),505,90,100,90,90,80,55
0882,Dracovish,,"['Water', 'Dragon']",Fossil Pokémon,2.3 m (7′07″),215.0 kg (474.0 lbs),505,90,90,100,70,80,75
0883,Arctovish,,"['Water', 'Ice']",Fossil Pokémon,2.0 m (6′07″),175.0 kg (385.8 lbs),505,90,90,100,80,90,55
0884,Duraludon,,"['Steel', 'Dragon']",Alloy Pokémon,1.8 m (5′11″),40.0 kg (88.2 lbs),535,70,95,115,120,50,85
0885,Dreepy,,"['Dragon', 'Ghost']",Lingering Pokémon,0.5 m (1′08″),2.0 kg (4.4 lbs),270,28,60,30,40,30,82
0886,Drakloak,,"['Dragon', 'Ghost']",Caretaker Pokémon,1.4 m (4′07″),11.0 kg (24.3 lbs),410,68,80,50,60,50,102
0887,Dragapult,,"['Dragon', 'Ghost']",Stealth Pokémon,3.0 m (9′10″),50.0 kg (110.2 lbs),600,88,120,75,100,75,142
0888,Zacian,Hero of Many Battles,['Fairy'],Warrior Pokémon,2.8 m (9′02″),110.0 kg (242.5 lbs),660,92,120,115,80,115,138
0888,Zacian,Crowned Sword,"['Fairy', 'Steel']",Warrior Pokémon,2.8 m (9′02″),110.0 kg (242.5 lbs),700,92,150,115,80,115,148
0889,Zamazenta,Hero of Many Battles,['Fighting'],Warrior Pokémon,2.9 m (9′06″),210.0 kg (463.0 lbs),660,92,120,115,80,115,138
0889,Zamazenta,Crowned Shield,"['Fighting', 'Steel']",Warrior Pokémon,2.9 m (9′06″),210.0 kg (463.0 lbs),700,92,120,140,80,140,128
0890,Eternatus,,"['Poison', 'Dragon']",Gigantic Pokémon,20.0 m (65′07″),950.0 kg (2094.4 lbs),690,140,85,95,145,95,130
0890,Eternatus,Eternamax,"['Poison', 'Dragon']",Gigantic Pokémon,20.0 m (65′07″),950.0 kg (2094.4 lbs),1125,255,115,250,125,250,130
0891,Kubfu,,['Fighting'],Wushu Pokémon,0.6 m (2′00″),12.0 kg (26.5 lbs),385,60,90,60,53,50,72
0892,Urshifu,Single Strike Style,"['Fighting', 'Dark']",Wushu Pokémon,1.9 m (6′03″),105.0 kg (231.5 lbs),550,100,130,100,63,60,97
0892,Urshifu,Rapid Strike Style,"['Fighting', 'Water']",Wushu Pokémon,1.9 m (6′03″),105.0 kg (231.5 lbs),550,100,130,100,63,60,97
0893,Zarude,,"['Dark', 'Grass']",Rogue Monkey Pokémon,1.8 m (5′11″),70.0 kg (154.3 lbs),600,105,120,105,70,95,105
0894,Regieleki,,['Electric'],Electron Pokémon,1.2 m (3′11″),145.0 kg (319.7 lbs),580,80,100,50,100,50,200
0895,Regidrago,,['Dragon'],Dragon Orb Pokémon,2.1 m (6′11″),200.0 kg (440.9 lbs),580,200,100,50,100,50,80
0896,Glastrier,,['Ice'],Wild Horse Pokémon,2.2 m (7′03″),800.0 kg (1763.7 lbs),580,100,145,130,65,110,30
0897,Spectrier,,['Ghost'],Swift Horse Pokémon,2.0 m (6′07″),44.5 kg (98.1 lbs),580,100,65,60,145,80,130
0898,Calyrex,,"['Psychic', 'Grass']",King Pokémon,1.1 m (3′07″),7.7 kg (17.0 lbs),500,100,80,80,80,80,80
0898,Calyrex,Ice Rider,"['Psychic', 'Ice']",King Pokémon,1.1 m (3′07″),7.7 kg (17.0 lbs),680,100,165,150,85,130,50
0898,Calyrex,Shadow Rider,"['Psychic', 'Ghost']",King Pokémon,1.1 m (3′07″),7.7 kg (17.0 lbs),680,100,85,80,165,100,150
0899,Wyrdeer,,"['Normal', 'Psychic']",Big Horn Pokémon,1.8 m (5′11″),95.1 kg (209.7 lbs),525,103,105,72,105,75,65
0900,Kleavor,,"['Bug', 'Rock']",Axe Pokémon,1.8 m (5′11″),89.0 kg (196.2 lbs),500,70,135,95,45,70,85
0901,Ursaluna,,"['Ground', 'Normal']",Peat Pokémon,2.4 m (7′10″),290.0 kg (639.3 lbs),550,130,140,105,45,80,50
0901,Ursaluna,Bloodmoon,"['Ground', 'Normal']",Peat Pokémon,2.4 m (7′10″),290.0 kg (639.3 lbs),555,113,70,120,135,65,52
0902,Basculegion,Male,"['Water', 'Ghost']",Big Fish Pokémon,3.0 m (9′10″),110.0 kg (242.5 lbs),530,120,112,65,80,75,78
0902,Basculegion,Female,"['Water', 'Ghost']",Big Fish Pokémon,3.0 m (9′10″),110.0 kg (242.5 lbs),530,120,92,65,100,75,78
0903,Sneasler,,"['Fighting', 'Poison']",Free Climb Pokémon,1.3 m (4′03″),43.0 kg (94.8 lbs),510,80,130,60,40,80,120
0904,Overqwil,,"['Dark', 'Poison']",Pin Cluster Pokémon,2.5 m (8′02″),60.5 kg (133.4 lbs),510,85,115,95,65,65,85
0905,Enamorus,Incarnate Forme,"['Fairy', 'Flying']",Love-Hate Pokémon,1.6 m (5′03″),48.0 kg (105.8 lbs),580,74,115,70,135,80,106
0905,Enamorus,Therian Forme,"['Fairy', 'Flying']",Love-Hate Pokémon,1.6 m (5′03″),48.0 kg (105.8 lbs),580,74,115,110,135,100,46
0906,Sprigatito,,['Grass'],Grass Cat Pokémon,0.4 m (1′04″),4.1 kg (9.0 lbs),310,40,61,54,45,45,65
0907,Floragato,,['Grass'],Grass Cat Pokémon,0.9 m (2′11″),12.2 kg (26.9 lbs),410,61,80,63,60,63,83
0908,Meowscarada,,"['Grass', 'Dark']",Magician Pokémon,1.5 m (4′11″),31.2 kg (68.8 lbs),530,76,110,70,81,70,123
0909,Fuecoco,,['Fire'],Fire Croc Pokémon,0.4 m (1′04″),9.8 kg (21.6 lbs),310,67,45,59,63,40,36
0910,Crocalor,,['Fire'],Fire Croc Pokémon,1.0 m (3′03″),30.7 kg (67.7 lbs),411,81,55,78,90,58,49
0911,Skeledirge,,"['Fire', 'Ghost']",Singer Pokémon,1.6 m (5′03″),326.5 kg (719.8 lbs),530,104,75,100,110,75,66
0912,Quaxly,,['Water'],Duckling Pokémon,0.5 m (1′08″),6.1 kg (13.4 lbs),310,55,65,45,50,45,50
0913,Quaxwell,,['Water'],Practicing Pokémon,1.2 m (3′11″),21.5 kg (47.4 lbs),410,70,85,65,65,60,65
0914,Quaquaval,,"['Water', 'Fighting']",Dancer Pokémon,1.8 m (5′11″),61.9 kg (136.5 lbs),530,85,120,80,85,75,85
0915,Lechonk,,['Normal'],Hog Pokémon,0.5 m (1′08″),10.2 kg (22.5 lbs),254,54,45,40,35,45,35
0916,Oinkologne,Male,['Normal'],Hog Pokémon,1.0 m (3′03″),120.0 kg (264.6 lbs),489,110,100,75,59,80,65
0916,Oinkologne,Female,['Normal'],Hog Pokémon,1.0 m (3′03″),120.0 kg (264.6 lbs),489,115,90,70,59,90,65
0917,Tarountula,,['Bug'],String Ball Pokémon,0.3 m (1′00″),4.0 kg (8.8 lbs),210,35,41,45,29,40,20
0918,Spidops,,['Bug'],Trap Pokémon,1.0 m (3′03″),16.5 kg (36.4 lbs),404,60,79,92,52,86,35
0919,Nymble,,['Bug'],Grasshopper Pokémon,0.2 m (0′08″),1.0 kg (2.2 lbs),210,33,46,40,21,25,45
0920,Lokix,,"['Bug', 'Dark']",Grasshopper Pokémon,1.0 m (3′03″),17.5 kg (38.6 lbs),450,71,102,78,52,55,92
0921,Pawmi,,['Electric'],Mouse Pokémon,0.3 m (1′00″),2.5 kg (5.5 lbs),240,45,50,20,40,25,60
0922,Pawmo,,"['Electric', 'Fighting']",Mouse Pokémon,0.4 m (1′04″),6.5 kg (14.3 lbs),350,60,75,40,50,40,85
0923,Pawmot,,"['Electric', 'Fighting']",Hands-On Pokémon,0.9 m (2′11″),41.0 kg (90.4 lbs),490,70,115,70,70,60,105
0924,Tandemaus,,['Normal'],Couple Pokémon,0.3 m (1′00″),1.8 kg (4.0 lbs),305,50,50,45,40,45,75
0925,Maushold,Family of Four,['Normal'],Family Pokémon,0.3 m (1′00″),2.8 kg (6.2 lbs),470,74,75,70,65,75,111
0925,Maushold,Family of Three,['Normal'],Family Pokémon,0.3 m (1′00″),2.8 kg (6.2 lbs),470,74,75,70,65,75,111
0926,Fidough,,['Fairy'],Puppy Pokémon,0.3 m (1′00″),10.9 kg (24.0 lbs),312,37,55,70,30,55,65
0927,Dachsbun,,['Fairy'],Dog Pokémon,0.5 m (1′08″),14.9 kg (32.8 lbs),477,57,80,115,50,80,95
0928,Smoliv,,"['Grass', 'Normal']",Olive Pokémon,0.3 m (1′00″),6.5 kg (14.3 lbs),260,41,35,45,58,51,30
0929,Dolliv,,"['Grass', 'Normal']",Olive Pokémon,0.6 m (2′00″),11.9 kg (26.2 lbs),354,52,53,60,78,78,33
0930,Arboliva,,"['Grass', 'Normal']",Olive Pokémon,1.4 m (4′07″),48.2 kg (106.3 lbs),510,78,69,90,125,109,39
0931,Squawkabilly,Green Plumage,"['Normal', 'Flying']",Parrot Pokémon,0.6 m (2′00″),2.4 kg (5.3 lbs),417,82,96,51,45,51,92
0931,Squawkabilly,Blue Plumage,"['Normal', 'Flying']",Parrot Pokémon,0.6 m (2′00″),2.4 kg (5.3 lbs),417,82,96,51,45,51,92
0931,Squawkabilly,Yellow Plumage,"['Normal', 'Flying']",Parrot Pokémon,0.6 m (2′00″),2.4 kg (5.3 lbs),417,82,96,51,45,51,92
0931,Squawkabilly,White Plumage,"['Normal', 'Flying']",Parrot Pokémon,0.6 m (2′00″),2.4 kg (5.3 lbs),417,82,96,51,45,51,92
0932,Nacli,,['Rock'],Rock Salt Pokémon,0.4 m (1′04″),16.0 kg (35.3 lbs),280,55,55,75,35,35,25
0933,Naclstack,,['Rock'],Rock Salt Pokémon,0.6 m (2′00″),105.0 kg (231.5 lbs),355,60,60,100,35,65,35
0934,Garganacl,,['Rock'],Rock Salt Pokémon,2.3 m (7′07″),240.0 kg (529.1 lbs),500,100,100,130,45,90,35
0935,Charcadet,,['Fire'],Fire Child Pokémon,0.6 m (2′00″),10.5 kg (23.1 lbs),255,40,50,40,50,40,35
0936,Armarouge,,"['Fire', 'Psychic']",Fire Warrior Pokémon,1.5 m (4′11″),85.0 kg (187.4 lbs),525,85,60,100,125,80,75
0937,Ceruledge,,"['Fire', 'Ghost']",Fire Blades Pokémon,1.6 m (5′03″),62.0 kg (136.7 lbs),525,75,125,80,60,100,85
0938,Tadbulb,,['Electric'],EleTadpole Pokémon,0.3 m (1′00″),0.4 kg (0.9 lbs),272,61,31,41,59,35,45
0939,Bellibolt,,['Electric'],EleFrog Pokémon,1.2 m (3′11″),113.0 kg (249.1 lbs),495,109,64,91,103,83,45
0940,Wattrel,,"['Electric', 'Flying']",Storm Petrel Pokémon,0.4 m (1′04″),3.6 kg (7.9 lbs),280,40,40,35,55,40,70
0941,Kilowattrel,,"['Electric', 'Flying']",Frigatebird Pokémon,1.4 m (4′07″),38.6 kg (85.1 lbs),490,70,70,60,105,60,125
0942,Maschiff,,['Dark'],Rascal Pokémon,0.5 m (1′08″),16.0 kg (35.3 lbs),340,60,78,60,40,51,51
0943,Mabosstiff,,['Dark'],Boss Pokémon,1.1 m (3′07″),61.0 kg (134.5 lbs),505,80,120,90,60,70,85
0944,Shroodle,,"['Poison', 'Normal']",Toxic Mouse Pokémon,0.2 m (0′08″),0.7 kg (1.5 lbs),290,40,65,35,40,35,75
0945,Grafaiai,,"['Poison', 'Normal']",Toxic Monkey Pokémon,0.7 m (2′04″),27.2 kg (60.0 lbs),485,63,95,65,80,72,110
0946,Bramblin,,"['Grass', 'Ghost']",Tumbleweed Pokémon,0.6 m (2′00″),0.6 kg (1.3 lbs),275,40,65,30,45,35,60
0947,Brambleghast,,"['Grass', 'Ghost']",Tumbleweed Pokémon,1.2 m (3′11″),6.0 kg (13.2 lbs),480,55,115,70,80,70,90
0948,Toedscool,,"['Ground', 'Grass']",Woodear Pokémon,0.9 m (2′11″),33.0 kg (72.8 lbs),335,40,40,35,50,100,70
0949,Toedscruel,,"['Ground', 'Grass']",Woodear Pokémon,1.9 m (6′03″),58.0 kg (127.9 lbs),515,80,70,65,80,120,100
0950,Klawf,,['Rock'],Ambush Pokémon,1.3 m (4′03″),79.0 kg (174.2 lbs),450,70,100,115,35,55,75
0951,Capsakid,,['Grass'],Spicy Pepper Pokémon,0.3 m (1′00″),3.0 kg (6.6 lbs),304,50,62,40,62,40,50
0952,Scovillain,,"['Grass', 'Fire']",Spicy Pepper Pokémon,0.9 m (2′11″),15.0 kg (33.1 lbs),486,65,108,65,108,65,75
0953,Rellor,,['Bug'],Rolling Pokémon,0.2 m (0′08″),1.0 kg (2.2 lbs),270,41,50,60,31,58,30
0954,Rabsca,,"['Bug', 'Psychic']",Rolling Pokémon,0.3 m (1′00″),3.5 kg (7.7 lbs),470,75,50,85,115,100,45
0955,Flittle,,['Psychic'],Frill Pokémon,0.2 m (0′08″),1.5 kg (3.3 lbs),255,30,35,30,55,30,75
0956,Espathra,,['Psychic'],Ostrich Pokémon,1.9 m (6′03″),90.0 kg (198.4 lbs),481,95,60,60,101,60,105
0957,Tinkatink,,"['Fairy', 'Steel']",Metalsmith Pokémon,0.4 m (1′04″),8.9 kg (19.6 lbs),297,50,45,45,35,64,58
0958,Tinkatuff,,"['Fairy', 'Steel']",Hammer Pokémon,0.7 m (2′04″),59.1 kg (130.3 lbs),380,65,55,55,45,82,78
0959,Tinkaton,,"['Fairy', 'Steel']",Hammer Pokémon,0.7 m (2′04″),112.8 kg (248.7 lbs),506,85,75,77,70,105,94
0960,Wiglett,,['Water'],Garden Eel Pokémon,1.2 m (3′11″),1.8 kg (4.0 lbs),245,10,55,25,35,25,95
0961,Wugtrio,,['Water'],Garden Eel Pokémon,1.2 m (3′11″),5.4 kg (11.9 lbs),425,35,100,50,50,70,120
0962,Bombirdier,,"['Flying', 'Dark']",Item Drop Pokémon,1.5 m (4′11″),42.9 kg (94.6 lbs),485,70,103,85,60,85,82
0963,Finizen,,['Water'],Dolphin Pokémon,1.3 m (4′03″),60.2 kg (132.7 lbs),315,70,45,40,45,40,75
0964,Palafin,Zero Form,['Water'],Dolphin Pokémon,1.3 m (4′03″),60.2 kg (132.7 lbs),457,100,70,72,53,62,100
0964,Palafin,Hero Form,['Water'],Dolphin Pokémon,1.3 m (4′03″),60.2 kg (132.7 lbs),650,100,160,97,106,87,100
0965,Varoom,,"['Steel', 'Poison']",Single-Cyl Pokémon,1.0 m (3′03″),35.0 kg (77.2 lbs),300,45,70,63,30,45,47
0966,Revavroom,,"['Steel', 'Poison']",Multi-Cyl Pokémon,1.8 m (5′11″),120.0 kg (264.6 lbs),500,80,119,90,54,67,90
0967,Cyclizar,,"['Dragon', 'Normal']",Mount Pokémon,1.6 m (5′03″),63.0 kg (138.9 lbs),501,70,95,65,85,65,121
0968,Orthworm,,['Steel'],Earthworm Pokémon,2.5 m (8′02″),310.0 kg (683.4 lbs),480,70,85,145,60,55,65
0969,Glimmet,,"['Rock', 'Poison']",Ore Pokémon,0.7 m (2′04″),8.0 kg (17.6 lbs),350,48,35,42,105,60,60
0970,Glimmora,,"['Rock', 'Poison']",Ore Pokémon,1.5 m (4′11″),45.0 kg (99.2 lbs),525,83,55,90,130,81,86
0971,Greavard,,['Ghost'],Ghost Dog Pokémon,0.6 m (2′00″),35.0 kg (77.2 lbs),290,50,61,60,30,55,34
0972,Houndstone,,['Ghost'],Ghost Dog Pokémon,2.0 m (6′07″),15.0 kg (33.1 lbs),488,72,101,100,50,97,68
0973,Flamigo,,"['Flying', 'Fighting']",Synchronize Pokémon,1.6 m (5′03″),37.0 kg (81.6 lbs),500,82,115,74,75,64,90
0974,Cetoddle,,['Ice'],Terra Whale Pokémon,1.2 m (3′11″),45.0 kg (99.2 lbs),334,108,68,45,30,40,43
0975,Cetitan,,['Ice'],Terra Whale Pokémon,4.5 m (14′09″),700.0 kg (1543.2 lbs),521,170,113,65,45,55,73
0976,Veluza,,"['Water', 'Psychic']",Jettison Pokémon,2.5 m (8′02″),90.0 kg (198.4 lbs),478,90,102,73,78,65,70
0977,Dondozo,,['Water'],Big Catfish Pokémon,12.0 m (39′04″),220.0 kg (485.0 lbs),530,150,100,115,65,65,35
0978,Tatsugiri,Curly Form,"['Dragon', 'Water']",Mimicry Pokémon,0.3 m (1′00″),8.0 kg (17.6 lbs),475,68,50,60,120,95,82
0978,Tatsugiri,Droopy Form,"['Dragon', 'Water']",Mimicry Pokémon,0.3 m (1′00″),8.0 kg (17.6 lbs),475,68,50,60,120,95,82
0978,Tatsugiri,Stretchy Form,"['Dragon', 'Water']",Mimicry Pokémon,0.3 m (1′00″),8.0 kg (17.6 lbs),475,68,50,60,120,95,82
0979,Annihilape,,"['Fighting', 'Ghost']",Rage Monkey Pokémon,1.2 m (3′11″),56.0 kg (123.5 lbs),535,110,115,80,50,90,90
0980,Clodsire,,"['Poison', 'Ground']",Spiny Fish Pokémon,1.8 m (5′11″),223.0 kg (491.6 lbs),430,130,75,60,45,100,20
0981,Farigiraf,,"['Normal', 'Psychic']",Long Neck Pokémon,3.2 m (10′06″),160.0 kg (352.7 lbs),520,120,90,70,110,70,60
0982,Dudunsparce,Two-Segment Form,['Normal'],Land Snake Pokémon,3.6 m (11′10″),39.2 kg (86.4 lbs),520,125,100,80,85,75,55
0982,Dudunsparce,Three-Segment Form,['Normal'],Land Snake Pokémon,3.6 m (11′10″),39.2 kg (86.4 lbs),520,125,100,80,85,75,55
0983,Kingambit,,"['Dark', 'Steel']",Big Blade Pokémon,2.0 m (6′07″),120.0 kg (264.6 lbs),550,100,135,120,60,85,50
0984,Great Tusk,,"['Ground', 'Fighting']",Paradox Pokémon,2.2 m (7′03″),320.0 kg (705.5 lbs),570,115,131,131,53,53,87
0985,Scream Tail,,"['Fairy', 'Psychic']",Paradox Pokémon,1.2 m (3′11″),8.0 kg (17.6 lbs),570,115,65,99,65,115,111
0986,Brute Bonnet,,"['Grass', 'Dark']",Paradox Pokémon,1.2 m (3′11″),21.0 kg (46.3 lbs),570,111,127,99,79,99,55
0987,Flutter Mane,,"['Ghost', 'Fairy']",Paradox Pokémon,1.4 m (4′07″),4.0 kg (8.8 lbs),570,55,55,55,135,135,135
0988,Slither Wing,,"['Bug', 'Fighting']",Paradox Pokémon,3.2 m (10′06″),92.0 kg (202.8 lbs),570,85,135,79,85,105,81
0989,Sandy Shocks,,"['Electric', 'Ground']",Paradox Pokémon,2.3 m (7′07″),60.0 kg (132.3 lbs),570,85,81,97,121,85,101
0990,Iron Treads,,"['Ground', 'Steel']",Paradox Pokémon,0.9 m (2′11″),240.0 kg (529.1 lbs),570,90,112,120,72,70,106
0991,Iron Bundle,,"['Ice', 'Water']",Paradox Pokémon,0.6 m (2′00″),11.0 kg (24.3 lbs),570,56,80,114,124,60,136
0992,Iron Hands,,"['Fighting', 'Electric']",Paradox Pokémon,1.8 m (5′11″),380.7 kg (839.3 lbs),570,154,140,108,50,68,50
0993,Iron Jugulis,,"['Dark', 'Flying']",Paradox Pokémon,1.3 m (4′03″),111.0 kg (244.7 lbs),570,94,80,86,122,80,108
0994,Iron Moth,,"['Fire', 'Poison']",Paradox Pokémon,1.2 m (3′11″),36.0 kg (79.4 lbs),570,80,70,60,140,110,110
0995,Iron Thorns,,"['Rock', 'Electric']",Paradox Pokémon,1.6 m (5′03″),303.0 kg (668.0 lbs),570,100,134,110,70,84,72
0996,Frigibax,,"['Dragon', 'Ice']",Ice Fin Pokémon,0.5 m (1′08″),17.0 kg (37.5 lbs),320,65,75,45,35,45,55
0997,Arctibax,,"['Dragon', 'Ice']",Ice Fin Pokémon,0.8 m (2′07″),30.0 kg (66.1 lbs),423,90,95,66,45,65,62
0998,Baxcalibur,,"['Dragon', 'Ice']",Ice Dragon Pokémon,2.1 m (6′11″),210.0 kg (463.0 lbs),600,115,145,92,75,86,87
0999,Gimmighoul,Chest Form,['Ghost'],Coin Chest Pokémon,0.3 m (1′00″),5.0 kg (11.0 lbs),300,45,30,70,75,70,10
0999,Gimmighoul,Roaming Form,['Ghost'],Coin Chest Pokémon,0.3 m (1′00″),5.0 kg (11.0 lbs),300,45,30,25,75,45,80
1000,Gholdengo,,"['Steel', 'Ghost']",Coin Entity Pokémon,1.2 m (3′11″),30.0 kg (66.1 lbs),550,87,60,95,133,91,84
1001,Wo-Chien,,"['Dark', 'Grass']",Ruinous Pokémon,1.5 m (4′11″),74.2 kg (163.6 lbs),570,85,85,100,95,135,70
1002,Chien-Pao,,"['Dark', 'Ice']",Ruinous Pokémon,1.9 m (6′03″),152.2 kg (335.5 lbs),570,80,120,80,90,65,135
1003,Ting-Lu,,"['Dark', 'Ground']",Ruinous Pokémon,2.7 m (8′10″),699.7 kg (1542.6 lbs),570,155,110,125,55,80,45
1004,Chi-Yu,,"['Dark', 'Fire']",Ruinous Pokémon,0.4 m (1′04″),4.9 kg (10.8 lbs),570,55,80,80,135,120,100
1005,Roaring Moon,,"['Dragon', 'Dark']",Paradox Pokémon,2.0 m (6′07″),380.0 kg (837.8 lbs),590,105,139,71,55,101,119
1006,Iron Valiant,,"['Fairy', 'Fighting']",Paradox Pokémon,1.4 m (4′07″),35.0 kg (77.2 lbs),590,74,130,90,120,60,116
1007,Koraidon,,"['Fighting', 'Dragon']",Paradox Pokémon,2.5 m (8′02″),303.0 kg (668.0 lbs),670,100,135,115,85,100,135
1008,Miraidon,,"['Electric', 'Dragon']",Paradox Pokémon,3.5 m (11′06″),240.0 kg (529.1 lbs),670,100,85,100,135,115,135
1009,Walking Wake,,"['Water', 'Dragon']",Paradox Pokémon,3.5 m (11′06″),280.0 kg (617.3 lbs),590,99,83,91,125,83,109
1010,Iron Leaves,,"['Grass', 'Psychic']",Paradox Pokémon,1.5 m (4′11″),125.0 kg (275.6 lbs),590,90,130,88,70,108,104
1011,Dipplin,,"['Grass', 'Dragon']",Candy Apple Pokémon,0.4 m (1′04″),4.4 kg (9.7 lbs),485,80,80,110,95,80,40
1012,Poltchageist,,"['Grass', 'Ghost']",Matcha Pokémon,0.1 m (0′04″),1.1 kg (2.4 lbs),308,40,45,45,74,54,50
1013,Sinistcha,,"['Grass', 'Ghost']",Matcha Pokémon,0.2 m (0′08″),2.2 kg (4.9 lbs),508,71,60,106,121,80,70
1014,Okidogi,,"['Poison', 'Fighting']",Retainer Pokémon,1.8 m (5′11″),92.0 kg (202.8 lbs),555,88,128,115,58,86,80
1015,Munkidori,,"['Poison', 'Psychic']",Retainer Pokémon,1.0 m (3′03″),12.2 kg (26.9 lbs),555,88,75,66,130,90,106
1016,Fezandipiti,,"['Poison', 'Fairy']",Retainer Pokémon,1.4 m (4′07″),30.1 kg (66.4 lbs),555,88,91,82,70,125,99
1017,Ogerpon,Teal Mask,['Grass'],Mask Pokémon,1.2 m (3′11″),39.8 kg (87.7 lbs),550,80,120,84,60,96,110
1017,Ogerpon,Wellspring Mask,"['Grass', 'Water']",Mask Pokémon,1.2 m (3′11″),39.8 kg (87.7 lbs),550,80,120,84,60,96,110
1017,Ogerpon,Hearthflame Mask,"['Grass', 'Fire']",Mask Pokémon,1.2 m (3′11″),39.8 kg (87.7 lbs),550,80,120,84,60,96,110
1017,Ogerpon,Cornerstone Mask,"['Grass', 'Rock']",Mask Pokémon,1.2 m (3′11″),39.8 kg (87.7 lbs),550,80,120,84,60,96,110
1018,Archaludon,,"['Steel', 'Dragon']",Alloy Pokémon,2.0 m (6′07″),60.0 kg (132.3 lbs),600,90,105,130,125,65,85
1019,Hydrapple,,"['Grass', 'Dragon']",—,1.8 m (5′11″),93.0 kg (205.0 lbs),540,106,80,110,120,80,44
1020,Gouging Fire,,"['Fire', 'Dragon']",Paradox Pokémon,3.5 m (11′06″),590.0 kg (1300.7 lbs),590,105,115,121,65,93,91
1021,Raging Bolt,,"['Electric', 'Dragon']",Paradox Pokémon,5.2 m (17′01″),480.0 kg (1058.2 lbs),590,125,73,91,137,89,75
1022,Iron Boulder,,"['Rock', 'Psychic']",Paradox Pokémon,1.5 m (4′11″),162.5 kg (358.3 lbs),590,90,120,80,68,108,124
1023,Iron Crown,,"['Steel', 'Psychic']",Paradox Pokémon,1.6 m (5′03″),156.0 kg (343.9 lbs),590,90,72,100,122,108,98
1024,Terapagos,Normal Form,['Normal'],Tera Pokémon,0.2 m (0′08″),6.5 kg (14.3 lbs),450,90,65,85,65,85,60
1024,Terapagos,Terastal Form,['Normal'],Tera Pokémon,0.2 m (0′08″),6.5 kg (14.3 lbs),600,95,95,110,105,110,85
1024,Terapagos,Stellar Form,['Normal'],Tera Pokémon,0.2 m (0′08″),6.5 kg (14.3 lbs),700,160,105,110,130,110,85
1025,Pecharunt,,"['Poison', 'Ghost']",Subjugation Pokémon,0.3 m (1′00″),0.3 kg (0.7 lbs),600,88,88,160,88,88,88
